%!PS
%%BoundingBox: -280 -63 287 75 
%%HiResBoundingBox: -279.93211 -62.65851 286.87001 74.75 
%%Creator: MetaPost 2.02
%%CreationDate: 2023.12.12:1531
%%Pages: 1
%%BeginProlog
%%EndProlog
%%Page: 1 1
 0 0 0 1 setcmykcolor 0 1.2 dtransform truncate idtransform setlinewidth pop
 [] 0 setdash 1 setlinecap 1 setlinejoin 10 setmiterlimit
newpath 237.77 -33.91 moveto
237.77 -33.91 279.78 -41.31 286 -42.73 curveto stroke
newpath 241.31 -46.18 moveto
241.31 -46.18 275.22 -50.37 286.27 -51.44 curveto stroke
newpath 67.13 4.9 moveto
67.13 4.9 53.81 -11.05 3.53 -12.7 curveto
-46.61 -14.35 -49.65 -11.49 -49.65 -11.49 curveto
-65.76 1.42 lineto
-65.76 1.42 -78.72 8.93 -125.92 4.49 curveto
-131.97 3.92 -130.44 4.27 -142.44 -3.56 curveto stroke
newpath -176.4 -3.14 moveto
-174.44 0.57 -144.03 38.76 -146.53 43.16 curveto
-149.03 47.56 -172.98 55.64 -181.49 56.7 curveto
-190.01 57.77 -245.5 67.58 -245.5 67.58 curveto stroke
newpath -196.06 -25.34 moveto
-196.06 -25.34 -200.66 -24.92 -210.62 -22.71 curveto
-216.34 -21.43 -229.25 -20.13 -217.95 -19.07 curveto
-206.65 -18 -198.93 -16.76 -198.93 -16.76 curveto stroke
 0 0.6 dtransform truncate idtransform setlinewidth pop
newpath -215.58003 -36.61993 moveto
-215.58003 -32.00005 lineto
-216.83998 -29.90005 lineto stroke
newpath -215.58003 -32.00005 moveto
-214.32008 -29.90005 lineto stroke
newpath -211.98 -36.61993 moveto
-211.98 -32.00005 lineto
-213.23994 -29.90005 lineto stroke
newpath -211.98 -32.00005 moveto
-210.72005 -29.90005 lineto stroke
newpath -208.37996 -36.61993 moveto
-208.37996 -32.00005 lineto
-209.63991 -29.90005 lineto stroke
newpath -208.37996 -32.00005 moveto
-207.12001 -29.90005 lineto stroke
 0 1.2 dtransform truncate idtransform setlinewidth pop
newpath -201.41 -9.31 moveto
-201.41 -9.31 -214.3 -22.87 -234.28 -2.06 curveto
-254.3 18.79 -242.77 6.23 -259.97 9.42 curveto
-268.44 10.99 -278.97 11.2 -278.97 11.2 curveto stroke
newpath -250.32 60.81 moveto
-250.32 60.81 -191.23 51.28 -185.48 43.81 curveto
-179.73 36.36 -160.4 40.41 -170.09 30.52 curveto
-179.76 20.65 -186.19 3.65 -186.19 3.65 curveto stroke
 [3.60022 3.60022 ] 0 setdash
newpath -245.5 67.58 moveto
-264.11 74.15 lineto stroke
newpath -250.32 60.81 moveto
-269.25 69.04 lineto stroke
 [] 0 setdash
newpath 237.77 -33.91 moveto
237.77 -33.91 209 -24.66 196.9 -24.08 curveto
191.9 -23.84 192.78 -18.74 188.11 -14.72 curveto
183.41 -10.69 172.08 -0.47 171.4 -0.21 curveto
170.72 0.05 158.63 11.23 158.63 11.23 curveto
158.63 11.23 147.43 19.2 138.82 20.29 curveto
135.38 20.73 96.46 14.51 88.47 13.79 curveto
85.23 13.5 70.4 10.82 67.13 4.9 curveto stroke
newpath 241.31 -46.18 moveto
241.31 -46.18 233.79 -47.86 229.9 -48.4 curveto
225.98 -48.94 211.18 -41.9 191.17 -46.45 curveto
172.78 -50.62 170.1 -62.42 159.7 -62.05 curveto
144.03 -61.5 139.08 -60.21 135.69 -58.6 curveto
128.3 -55.07 118.7 -50.55 103.33 -52.34 curveto
87.92 -54.12 75.27 -53.79 69.93 -51.06 curveto
64.61 -48.34 4.03 -41.6 -6.26 -44.31 curveto
-16.5 -47.02 -54.71 -48.91 -63.34 -55.5 curveto
-71.98 -62.08 -139.58 -55.91 -144.74 -54.81 curveto
-149.9 -53.71 -169.21 -50.42 -180.52 -50.64 curveto
-191.86 -50.86 -228.03 -38.06 -244.61 -38.8 curveto stroke
newpath -147.38 -23.02 moveto
-151.11 -26.17 -168.85 -28.32 -168.85 -28.32 curveto stroke
newpath -168.85 -28.32 moveto
-168.85 -28.32 -171.49 -27.77 -163.79 -23.64 curveto
-155.94 -19.42 -143.78 -20.09 -147.38 -23.02 curveto stroke
newpath -142.44 -3.56 moveto
-142.44 -3.56 -152.55 -9.33 -160.65 -8.04 curveto
-185.24 -4.14 -186.17 3.65 -187.95 9.41 curveto
-189.73 15.14 -188.95 22.75 -192.84 24.81 curveto
-196.75 26.88 -200.42 25.46 -216.53 32.55 curveto
-232.65 39.64 -242.04 47.71 -242.04 47.71 curveto
-242.04 47.71 -253.71 59.75 -259.02 55.3 curveto
-286.97 31.89 -251.62 33.77 -249.85 33.05 curveto
-231 25.34 -213.63 22.28 -215.48 7.67 curveto
-216.99 -4.2 -204.12 7.15 -198.08 -17.7 curveto
-196.86 -22.69 -193.07 -34.74 -177.41 -34.61 curveto
-172.93 -34.58 -168.85 -28.32 -168.85 -28.32 curveto stroke
 0 0.6 dtransform truncate idtransform setlinewidth pop
newpath -279.63211 41.71396 moveto
-279.63211 43.97011 -276.2479 43.97011 -276.2479 41.71396 curveto
-276.2479 40.139 -277.94 39.05891 -277.94 37.48395 curveto stroke
 0 1.44 dtransform truncate idtransform setlinewidth pop
newpath -277.94 34.94604 moveto 0 0 rlineto stroke
-1 THsetalpha
 0 0 0.10417 0.04 setcmykcolor
newpath 238.56 -35.31 moveto
238.56 -34.91216 238.40193 -34.53065 238.12064 -34.24936 curveto
237.83934 -33.96806 237.45784 -33.81 237.06 -33.81 curveto
236.66216 -33.81 236.28065 -33.96806 235.99936 -34.24936 curveto
235.71806 -34.53065 235.56 -34.91216 235.56 -35.31 curveto
235.56 -35.70784 235.71806 -36.08934 235.99936 -36.37064 curveto
236.28065 -36.65193 236.66216 -36.81 237.06 -36.81 curveto
237.45784 -36.81 237.83934 -36.65193 238.12064 -36.37064 curveto
238.40193 -36.08934 238.56 -35.70784 238.56 -35.31 curveto closepath fill
 0.1 0.88333 0 0.4 setcmykcolor 0 0.6
 dtransform truncate idtransform setlinewidth pop
newpath 238.56 -35.31 moveto
238.56 -34.91216 238.40193 -34.53065 238.12064 -34.24936 curveto
237.83934 -33.96806 237.45784 -33.81 237.06 -33.81 curveto
236.66216 -33.81 236.28065 -33.96806 235.99936 -34.24936 curveto
235.71806 -34.53065 235.56 -34.91216 235.56 -35.31 curveto
235.56 -35.70784 235.71806 -36.08934 235.99936 -36.37064 curveto
236.28065 -36.65193 236.66216 -36.81 237.06 -36.81 curveto
237.45784 -36.81 237.83934 -36.65193 238.12064 -36.37064 curveto
238.40193 -36.08934 238.56 -35.70784 238.56 -35.31 curveto closepath stroke
-1 THsetalpha
 0 0 0.10417 0.04 setcmykcolor
newpath 188.85 -36.22 moveto
188.85 -35.82216 188.69194 -35.44066 188.41064 -35.15936 curveto
188.12935 -34.87807 187.74785 -34.72 187.35 -34.72 curveto
186.95216 -34.72 186.57066 -34.87807 186.28937 -35.15936 curveto
186.00807 -35.44066 185.85 -35.82216 185.85 -36.22 curveto
185.85 -36.61784 186.00807 -36.99934 186.28937 -37.28064 curveto
186.57066 -37.56194 186.95216 -37.72 187.35 -37.72 curveto
187.74785 -37.72 188.12935 -37.56194 188.41064 -37.28064 curveto
188.69194 -36.99934 188.85 -36.61784 188.85 -36.22 curveto closepath fill
 0.1 0.88333 0 0.4 setcmykcolor
newpath 188.85 -36.22 moveto
188.85 -35.82216 188.69194 -35.44066 188.41064 -35.15936 curveto
188.12935 -34.87807 187.74785 -34.72 187.35 -34.72 curveto
186.95216 -34.72 186.57066 -34.87807 186.28937 -35.15936 curveto
186.00807 -35.44066 185.85 -35.82216 185.85 -36.22 curveto
185.85 -36.61784 186.00807 -36.99934 186.28937 -37.28064 curveto
186.57066 -37.56194 186.95216 -37.72 187.35 -37.72 curveto
187.74785 -37.72 188.12935 -37.56194 188.41064 -37.28064 curveto
188.69194 -36.99934 188.85 -36.61784 188.85 -36.22 curveto closepath stroke
-1 THsetalpha
 0 0 0.10417 0.04 setcmykcolor
newpath 138.25 -14.59 moveto
138.25 -14.19215 138.09193 -13.81065 137.81064 -13.52936 curveto
137.52934 -13.24806 137.14784 -13.09 136.75 -13.09 curveto
136.35216 -13.09 135.97066 -13.24806 135.68936 -13.52936 curveto
135.40807 -13.81065 135.25 -14.19215 135.25 -14.59 curveto
135.25 -14.98784 135.40807 -15.36934 135.68936 -15.65063 curveto
135.97066 -15.93193 136.35216 -16.09 136.75 -16.09 curveto
137.14784 -16.09 137.52934 -15.93193 137.81064 -15.65063 curveto
138.09193 -15.36934 138.25 -14.98784 138.25 -14.59 curveto closepath fill
 0.1 0.88333 0 0.4 setcmykcolor
newpath 138.25 -14.59 moveto
138.25 -14.19215 138.09193 -13.81065 137.81064 -13.52936 curveto
137.52934 -13.24806 137.14784 -13.09 136.75 -13.09 curveto
136.35216 -13.09 135.97066 -13.24806 135.68936 -13.52936 curveto
135.40807 -13.81065 135.25 -14.19215 135.25 -14.59 curveto
135.25 -14.98784 135.40807 -15.36934 135.68936 -15.65063 curveto
135.97066 -15.93193 136.35216 -16.09 136.75 -16.09 curveto
137.14784 -16.09 137.52934 -15.93193 137.81064 -15.65063 curveto
138.09193 -15.36934 138.25 -14.98784 138.25 -14.59 curveto closepath stroke
-1 THsetalpha
 0 0 0.10417 0.04 setcmykcolor
newpath 125.59 -13.18 moveto
125.59 -12.78215 125.43193 -12.40065 125.15063 -12.11935 curveto
124.86934 -11.83806 124.48784 -11.68 124.09 -11.68 curveto
123.69215 -11.68 123.31065 -11.83806 123.02936 -12.11935 curveto
122.74806 -12.40065 122.59 -12.78215 122.59 -13.18 curveto
122.59 -13.57784 122.74806 -13.95934 123.02936 -14.24063 curveto
123.31065 -14.52193 123.69215 -14.68 124.09 -14.68 curveto
124.48784 -14.68 124.86934 -14.52193 125.15063 -14.24063 curveto
125.43193 -13.95934 125.59 -13.57784 125.59 -13.18 curveto closepath fill
 0.1 0.88333 0 0.4 setcmykcolor
newpath 125.59 -13.18 moveto
125.59 -12.78215 125.43193 -12.40065 125.15063 -12.11935 curveto
124.86934 -11.83806 124.48784 -11.68 124.09 -11.68 curveto
123.69215 -11.68 123.31065 -11.83806 123.02936 -12.11935 curveto
122.74806 -12.40065 122.59 -12.78215 122.59 -13.18 curveto
122.59 -13.57784 122.74806 -13.95934 123.02936 -14.24063 curveto
123.31065 -14.52193 123.69215 -14.68 124.09 -14.68 curveto
124.48784 -14.68 124.86934 -14.52193 125.15063 -14.24063 curveto
125.43193 -13.95934 125.59 -13.57784 125.59 -13.18 curveto closepath stroke
-1 THsetalpha
 0 0 0.10417 0.04 setcmykcolor
newpath 75.67 -9.13 moveto
75.67 -8.73216 75.51193 -8.35066 75.23064 -8.06937 curveto
74.94934 -7.78807 74.56784 -7.63 74.17 -7.63 curveto
73.77216 -7.63 73.39066 -7.78807 73.10936 -8.06937 curveto
72.82806 -8.35066 72.67 -8.73216 72.67 -9.13 curveto
72.67 -9.52785 72.82806 -9.90935 73.10936 -10.19064 curveto
73.39066 -10.47194 73.77216 -10.63 74.17 -10.63 curveto
74.56784 -10.63 74.94934 -10.47194 75.23064 -10.19064 curveto
75.51193 -9.90935 75.67 -9.52785 75.67 -9.13 curveto closepath fill
 0.1 0.88333 0 0.4 setcmykcolor
newpath 75.67 -9.13 moveto
75.67 -8.73216 75.51193 -8.35066 75.23064 -8.06937 curveto
74.94934 -7.78807 74.56784 -7.63 74.17 -7.63 curveto
73.77216 -7.63 73.39066 -7.78807 73.10936 -8.06937 curveto
72.82806 -8.35066 72.67 -8.73216 72.67 -9.13 curveto
72.67 -9.52785 72.82806 -9.90935 73.10936 -10.19064 curveto
73.39066 -10.47194 73.77216 -10.63 74.17 -10.63 curveto
74.56784 -10.63 74.94934 -10.47194 75.23064 -10.19064 curveto
75.51193 -9.90935 75.67 -9.52785 75.67 -9.13 curveto closepath stroke
-1 THsetalpha
 0 0 0.10417 0.04 setcmykcolor
newpath -4.07 -30.31 moveto
-4.07 -29.91216 -4.22807 -29.53065 -4.50937 -29.24936 curveto
-4.79066 -28.96806 -5.17216 -28.81 -5.57 -28.81 curveto
-5.96785 -28.81 -6.34935 -28.96806 -6.63065 -29.24936 curveto
-6.91194 -29.53065 -7.07 -29.91216 -7.07 -30.31 curveto
-7.07 -30.70784 -6.91194 -31.08934 -6.63065 -31.37064 curveto
-6.34935 -31.65193 -5.96785 -31.81 -5.57 -31.81 curveto
-5.17216 -31.81 -4.79066 -31.65193 -4.50937 -31.37064 curveto
-4.22807 -31.08934 -4.07 -30.70784 -4.07 -30.31 curveto closepath fill
 0.1 0.88333 0 0.4 setcmykcolor
newpath -4.07 -30.31 moveto
-4.07 -29.91216 -4.22807 -29.53065 -4.50937 -29.24936 curveto
-4.79066 -28.96806 -5.17216 -28.81 -5.57 -28.81 curveto
-5.96785 -28.81 -6.34935 -28.96806 -6.63065 -29.24936 curveto
-6.91194 -29.53065 -7.07 -29.91216 -7.07 -30.31 curveto
-7.07 -30.70784 -6.91194 -31.08934 -6.63065 -31.37064 curveto
-6.34935 -31.65193 -5.96785 -31.81 -5.57 -31.81 curveto
-5.17216 -31.81 -4.79066 -31.65193 -4.50937 -31.37064 curveto
-4.22807 -31.08934 -4.07 -30.70784 -4.07 -30.31 curveto closepath stroke
-1 THsetalpha
 0 0 0.10417 0.04 setcmykcolor
newpath -72.07 -26.57 moveto
-72.07 -26.17216 -72.22807 -25.79066 -72.50937 -25.50937 curveto
-72.79066 -25.22807 -73.17216 -25.07 -73.57 -25.07 curveto
-73.96785 -25.07 -74.34935 -25.22807 -74.63065 -25.50937 curveto
-74.91194 -25.79066 -75.07 -26.17216 -75.07 -26.57 curveto
-75.07 -26.96785 -74.91194 -27.34935 -74.63065 -27.63065 curveto
-74.34935 -27.91194 -73.96785 -28.07 -73.57 -28.07 curveto
-73.17216 -28.07 -72.79066 -27.91194 -72.50937 -27.63065 curveto
-72.22807 -27.34935 -72.07 -26.96785 -72.07 -26.57 curveto closepath fill
 0.1 0.88333 0 0.4 setcmykcolor
newpath -72.07 -26.57 moveto
-72.07 -26.17216 -72.22807 -25.79066 -72.50937 -25.50937 curveto
-72.79066 -25.22807 -73.17216 -25.07 -73.57 -25.07 curveto
-73.96785 -25.07 -74.34935 -25.22807 -74.63065 -25.50937 curveto
-74.91194 -25.79066 -75.07 -26.17216 -75.07 -26.57 curveto
-75.07 -26.96785 -74.91194 -27.34935 -74.63065 -27.63065 curveto
-74.34935 -27.91194 -73.96785 -28.07 -73.57 -28.07 curveto
-73.17216 -28.07 -72.79066 -27.91194 -72.50937 -27.63065 curveto
-72.22807 -27.34935 -72.07 -26.96785 -72.07 -26.57 curveto closepath stroke
-1 THsetalpha
 0 0 0.10417 0.04 setcmykcolor
newpath -150.2 42.6 moveto
-150.2 42.99785 -150.35806 43.37935 -150.63936 43.66064 curveto
-150.92065 43.94194 -151.30215 44.1 -151.7 44.1 curveto
-152.09784 44.1 -152.47934 43.94194 -152.76064 43.66064 curveto
-153.04193 43.37935 -153.2 42.99785 -153.2 42.6 curveto
-153.2 42.20216 -153.04193 41.82066 -152.76064 41.53937 curveto
-152.47934 41.25807 -152.09784 41.1 -151.7 41.1 curveto
-151.30215 41.1 -150.92065 41.25807 -150.63936 41.53937 curveto
-150.35806 41.82066 -150.2 42.20216 -150.2 42.6 curveto closepath fill
 0.1 0.88333 0 0.4 setcmykcolor
newpath -150.2 42.6 moveto
-150.2 42.99785 -150.35806 43.37935 -150.63936 43.66064 curveto
-150.92065 43.94194 -151.30215 44.1 -151.7 44.1 curveto
-152.09784 44.1 -152.47934 43.94194 -152.76064 43.66064 curveto
-153.04193 43.37935 -153.2 42.99785 -153.2 42.6 curveto
-153.2 42.20216 -153.04193 41.82066 -152.76064 41.53937 curveto
-152.47934 41.25807 -152.09784 41.1 -151.7 41.1 curveto
-151.30215 41.1 -150.92065 41.25807 -150.63936 41.53937 curveto
-150.35806 41.82066 -150.2 42.20216 -150.2 42.6 curveto closepath stroke
-1 THsetalpha
 0 0 0.10417 0.04 setcmykcolor
newpath -247.68 62.87 moveto
-247.68 63.26784 -247.83806 63.64934 -248.11935 63.93063 curveto
-248.40065 64.21193 -248.78215 64.37 -249.18 64.37 curveto
-249.57784 64.37 -249.95934 64.21193 -250.24063 63.93063 curveto
-250.52193 63.64934 -250.68 63.26784 -250.68 62.87 curveto
-250.68 62.47215 -250.52193 62.09065 -250.24063 61.80936 curveto
-249.95934 61.52806 -249.57784 61.37 -249.18 61.37 curveto
-248.78215 61.37 -248.40065 61.52806 -248.11935 61.80936 curveto
-247.83806 62.09065 -247.68 62.47215 -247.68 62.87 curveto closepath fill
 0.1 0.88333 0 0.4 setcmykcolor
newpath -247.68 62.87 moveto
-247.68 63.26784 -247.83806 63.64934 -248.11935 63.93063 curveto
-248.40065 64.21193 -248.78215 64.37 -249.18 64.37 curveto
-249.57784 64.37 -249.95934 64.21193 -250.24063 63.93063 curveto
-250.52193 63.64934 -250.68 63.26784 -250.68 62.87 curveto
-250.68 62.47215 -250.52193 62.09065 -250.24063 61.80936 curveto
-249.95934 61.52806 -249.57784 61.37 -249.18 61.37 curveto
-248.78215 61.37 -248.40065 61.52806 -248.11935 61.80936 curveto
-247.83806 62.09065 -247.68 62.47215 -247.68 62.87 curveto closepath stroke
-1 THsetalpha
 0 0 0.10417 0.04 setcmykcolor
newpath -122.39 -24.88 moveto
-122.39 -24.48216 -122.54807 -24.10066 -122.82936 -23.81937 curveto
-123.11066 -23.53807 -123.49216 -23.38 -123.89 -23.38 curveto
-124.28784 -23.38 -124.66934 -23.53807 -124.95064 -23.81937 curveto
-125.23193 -24.10066 -125.39 -24.48216 -125.39 -24.88 curveto
-125.39 -25.27785 -125.23193 -25.65935 -124.95064 -25.94064 curveto
-124.66934 -26.22194 -124.28784 -26.38 -123.89 -26.38 curveto
-123.49216 -26.38 -123.11066 -26.22194 -122.82936 -25.94064 curveto
-122.54807 -25.65935 -122.39 -25.27785 -122.39 -24.88 curveto closepath fill
 0.1 0.88333 0 0.4 setcmykcolor
newpath -122.39 -24.88 moveto
-122.39 -24.48216 -122.54807 -24.10066 -122.82936 -23.81937 curveto
-123.11066 -23.53807 -123.49216 -23.38 -123.89 -23.38 curveto
-124.28784 -23.38 -124.66934 -23.53807 -124.95064 -23.81937 curveto
-125.23193 -24.10066 -125.39 -24.48216 -125.39 -24.88 curveto
-125.39 -25.27785 -125.23193 -25.65935 -124.95064 -25.94064 curveto
-124.66934 -26.22194 -124.28784 -26.38 -123.89 -26.38 curveto
-123.49216 -26.38 -123.11066 -26.22194 -122.82936 -25.94064 curveto
-122.54807 -25.65935 -122.39 -25.27785 -122.39 -24.88 curveto closepath stroke
-1 THsetalpha
 0 0 0.10417 0.04 setcmykcolor
newpath -182.19 -31.36 moveto
-182.19 -30.96216 -182.34807 -30.58066 -182.62936 -30.29936 curveto
-182.91066 -30.01807 -183.29216 -29.86 -183.69 -29.86 curveto
-184.08784 -29.86 -184.46935 -30.01807 -184.75064 -30.29936 curveto
-185.03194 -30.58066 -185.19 -30.96216 -185.19 -31.36 curveto
-185.19 -31.75784 -185.03194 -32.13934 -184.75064 -32.42064 curveto
-184.46935 -32.70193 -184.08784 -32.86 -183.69 -32.86 curveto
-183.29216 -32.86 -182.91066 -32.70193 -182.62936 -32.42064 curveto
-182.34807 -32.13934 -182.19 -31.75784 -182.19 -31.36 curveto closepath fill
 0.1 0.88333 0 0.4 setcmykcolor
newpath -182.19 -31.36 moveto
-182.19 -30.96216 -182.34807 -30.58066 -182.62936 -30.29936 curveto
-182.91066 -30.01807 -183.29216 -29.86 -183.69 -29.86 curveto
-184.08784 -29.86 -184.46935 -30.01807 -184.75064 -30.29936 curveto
-185.03194 -30.58066 -185.19 -30.96216 -185.19 -31.36 curveto
-185.19 -31.75784 -185.03194 -32.13934 -184.75064 -32.42064 curveto
-184.46935 -32.70193 -184.08784 -32.86 -183.69 -32.86 curveto
-183.29216 -32.86 -182.91066 -32.70193 -182.62936 -32.42064 curveto
-182.34807 -32.13934 -182.19 -31.75784 -182.19 -31.36 curveto closepath stroke
-1 THsetalpha
 0 0 0.10417 0.04 setcmykcolor
newpath -244.06 -15.74 moveto
-244.06 -15.34216 -244.21806 -14.96066 -244.49936 -14.67937 curveto
-244.78065 -14.39807 -245.16216 -14.24 -245.56 -14.24 curveto
-245.95784 -14.24 -246.33934 -14.39807 -246.62064 -14.67937 curveto
-246.90193 -14.96066 -247.06 -15.34216 -247.06 -15.74 curveto
-247.06 -16.13785 -246.90193 -16.51935 -246.62064 -16.80064 curveto
-246.33934 -17.08194 -245.95784 -17.24 -245.56 -17.24 curveto
-245.16216 -17.24 -244.78065 -17.08194 -244.49936 -16.80064 curveto
-244.21806 -16.51935 -244.06 -16.13785 -244.06 -15.74 curveto closepath fill
 0.1 0.88333 0 0.4 setcmykcolor
newpath -244.06 -15.74 moveto
-244.06 -15.34216 -244.21806 -14.96066 -244.49936 -14.67937 curveto
-244.78065 -14.39807 -245.16216 -14.24 -245.56 -14.24 curveto
-245.95784 -14.24 -246.33934 -14.39807 -246.62064 -14.67937 curveto
-246.90193 -14.96066 -247.06 -15.34216 -247.06 -15.74 curveto
-247.06 -16.13785 -246.90193 -16.51935 -246.62064 -16.80064 curveto
-246.33934 -17.08194 -245.95784 -17.24 -245.56 -17.24 curveto
-245.16216 -17.24 -244.78065 -17.08194 -244.49936 -16.80064 curveto
-244.21806 -16.51935 -244.06 -16.13785 -244.06 -15.74 curveto closepath stroke
-1 THsetalpha
 0 0 0.10417 0.04 setcmykcolor
newpath -191.87 -16.15 moveto
-191.87 -15.75215 -192.02806 -15.37065 -192.30936 -15.08936 curveto
-192.59065 -14.80806 -192.97215 -14.65 -193.37 -14.65 curveto
-193.76784 -14.65 -194.14934 -14.80806 -194.43063 -15.08936 curveto
-194.71193 -15.37065 -194.87 -15.75215 -194.87 -16.15 curveto
-194.87 -16.54784 -194.71193 -16.92934 -194.43063 -17.21063 curveto
-194.14934 -17.49193 -193.76784 -17.65 -193.37 -17.65 curveto
-192.97215 -17.65 -192.59065 -17.49193 -192.30936 -17.21063 curveto
-192.02806 -16.92934 -191.87 -16.54784 -191.87 -16.15 curveto closepath fill
 0.1 0.88333 0 0.4 setcmykcolor
newpath -191.87 -16.15 moveto
-191.87 -15.75215 -192.02806 -15.37065 -192.30936 -15.08936 curveto
-192.59065 -14.80806 -192.97215 -14.65 -193.37 -14.65 curveto
-193.76784 -14.65 -194.14934 -14.80806 -194.43063 -15.08936 curveto
-194.71193 -15.37065 -194.87 -15.75215 -194.87 -16.15 curveto
-194.87 -16.54784 -194.71193 -16.92934 -194.43063 -17.21063 curveto
-194.14934 -17.49193 -193.76784 -17.65 -193.37 -17.65 curveto
-192.97215 -17.65 -192.59065 -17.49193 -192.30936 -17.21063 curveto
-192.02806 -16.92934 -191.87 -16.54784 -191.87 -16.15 curveto closepath stroke
-1 THsetalpha
 0 0 0.10417 0.04 setcmykcolor
newpath -131.09 -28.38 moveto
-131.09 -27.98216 -131.24806 -27.60066 -131.52936 -27.31937 curveto
-131.81065 -27.03807 -132.19215 -26.88 -132.59 -26.88 curveto
-132.98784 -26.88 -133.36934 -27.03807 -133.65063 -27.31937 curveto
-133.93193 -27.60066 -134.09 -27.98216 -134.09 -28.38 curveto
-134.09 -28.77785 -133.93193 -29.15935 -133.65063 -29.44064 curveto
-133.36934 -29.72194 -132.98784 -29.88 -132.59 -29.88 curveto
-132.19215 -29.88 -131.81065 -29.72194 -131.52936 -29.44064 curveto
-131.24806 -29.15935 -131.09 -28.77785 -131.09 -28.38 curveto closepath fill
 0.1 0.88333 0 0.4 setcmykcolor
newpath -131.09 -28.38 moveto
-131.09 -27.98216 -131.24806 -27.60066 -131.52936 -27.31937 curveto
-131.81065 -27.03807 -132.19215 -26.88 -132.59 -26.88 curveto
-132.98784 -26.88 -133.36934 -27.03807 -133.65063 -27.31937 curveto
-133.93193 -27.60066 -134.09 -27.98216 -134.09 -28.38 curveto
-134.09 -28.77785 -133.93193 -29.15935 -133.65063 -29.44064 curveto
-133.36934 -29.72194 -132.98784 -29.88 -132.59 -29.88 curveto
-132.19215 -29.88 -131.81065 -29.72194 -131.52936 -29.44064 curveto
-131.24806 -29.15935 -131.09 -28.77785 -131.09 -28.38 curveto closepath stroke
-1 THsetalpha
 0 0 0.10417 0.04 setcmykcolor
newpath -263.29 63.44 moveto
-263.29 63.83784 -263.44806 64.21935 -263.72935 64.50064 curveto
-264.01065 64.78194 -264.39215 64.94 -264.79 64.94 curveto
-265.18784 64.94 -265.56934 64.78194 -265.85063 64.50064 curveto
-266.13193 64.21935 -266.29 63.83784 -266.29 63.44 curveto
-266.29 63.04216 -266.13193 62.66066 -265.85063 62.37936 curveto
-265.56934 62.09807 -265.18784 61.94 -264.79 61.94 curveto
-264.39215 61.94 -264.01065 62.09807 -263.72935 62.37936 curveto
-263.44806 62.66066 -263.29 63.04216 -263.29 63.44 curveto closepath fill
 0.1 0.88333 0 0.4 setcmykcolor
newpath -263.29 63.44 moveto
-263.29 63.83784 -263.44806 64.21935 -263.72935 64.50064 curveto
-264.01065 64.78194 -264.39215 64.94 -264.79 64.94 curveto
-265.18784 64.94 -265.56934 64.78194 -265.85063 64.50064 curveto
-266.13193 64.21935 -266.29 63.83784 -266.29 63.44 curveto
-266.29 63.04216 -266.13193 62.66066 -265.85063 62.37936 curveto
-265.56934 62.09807 -265.18784 61.94 -264.79 61.94 curveto
-264.39215 61.94 -264.01065 62.09807 -263.72935 62.37936 curveto
-263.44806 62.66066 -263.29 63.04216 -263.29 63.44 curveto closepath stroke
-1 THsetalpha
 0 0 0.10417 0.04 setcmykcolor
newpath -243.15 36.58 moveto
-243.15 36.97784 -243.30806 37.35934 -243.58936 37.64064 curveto
-243.87065 37.92194 -244.25215 38.08 -244.65 38.08 curveto
-245.04784 38.08 -245.42934 37.92194 -245.71063 37.64064 curveto
-245.99193 37.35934 -246.15 36.97784 -246.15 36.58 curveto
-246.15 36.18216 -245.99193 35.80066 -245.71063 35.51936 curveto
-245.42934 35.23807 -245.04784 35.08 -244.65 35.08 curveto
-244.25215 35.08 -243.87065 35.23807 -243.58936 35.51936 curveto
-243.30806 35.80066 -243.15 36.18216 -243.15 36.58 curveto closepath fill
 0.1 0.88333 0 0.4 setcmykcolor
newpath -243.15 36.58 moveto
-243.15 36.97784 -243.30806 37.35934 -243.58936 37.64064 curveto
-243.87065 37.92194 -244.25215 38.08 -244.65 38.08 curveto
-245.04784 38.08 -245.42934 37.92194 -245.71063 37.64064 curveto
-245.99193 37.35934 -246.15 36.97784 -246.15 36.58 curveto
-246.15 36.18216 -245.99193 35.80066 -245.71063 35.51936 curveto
-245.42934 35.23807 -245.04784 35.08 -244.65 35.08 curveto
-244.25215 35.08 -243.87065 35.23807 -243.58936 35.51936 curveto
-243.30806 35.80066 -243.15 36.18216 -243.15 36.58 curveto closepath stroke
-1 THsetalpha
 0 0 0.10417 0.04 setcmykcolor
newpath -201.91 14.15 moveto
-201.91 14.54784 -202.06807 14.92934 -202.34937 15.21063 curveto
-202.63066 15.49193 -203.01216 15.65 -203.41 15.65 curveto
-203.80785 15.65 -204.18935 15.49193 -204.47064 15.21063 curveto
-204.75194 14.92934 -204.91 14.54784 -204.91 14.15 curveto
-204.91 13.75215 -204.75194 13.37065 -204.47064 13.08936 curveto
-204.18935 12.80806 -203.80785 12.65 -203.41 12.65 curveto
-203.01216 12.65 -202.63066 12.80806 -202.34937 13.08936 curveto
-202.06807 13.37065 -201.91 13.75215 -201.91 14.15 curveto closepath fill
 0.1 0.88333 0 0.4 setcmykcolor
newpath -201.91 14.15 moveto
-201.91 14.54784 -202.06807 14.92934 -202.34937 15.21063 curveto
-202.63066 15.49193 -203.01216 15.65 -203.41 15.65 curveto
-203.80785 15.65 -204.18935 15.49193 -204.47064 15.21063 curveto
-204.75194 14.92934 -204.91 14.54784 -204.91 14.15 curveto
-204.91 13.75215 -204.75194 13.37065 -204.47064 13.08936 curveto
-204.18935 12.80806 -203.80785 12.65 -203.41 12.65 curveto
-203.01216 12.65 -202.63066 12.80806 -202.34937 13.08936 curveto
-202.06807 13.37065 -201.91 13.75215 -201.91 14.15 curveto closepath stroke
-1 THsetalpha
 0 0 0.10417 0.04 setcmykcolor
newpath -177.18 -27.74 moveto
-177.18 -27.34216 -177.33806 -26.96066 -177.61935 -26.67937 curveto
-177.90065 -26.39807 -178.28215 -26.24 -178.68 -26.24 curveto
-179.07784 -26.24 -179.45934 -26.39807 -179.74063 -26.67937 curveto
-180.02193 -26.96066 -180.18 -27.34216 -180.18 -27.74 curveto
-180.18 -28.13785 -180.02193 -28.51935 -179.74063 -28.80064 curveto
-179.45934 -29.08194 -179.07784 -29.24 -178.68 -29.24 curveto
-178.28215 -29.24 -177.90065 -29.08194 -177.61935 -28.80064 curveto
-177.33806 -28.51935 -177.18 -28.13785 -177.18 -27.74 curveto closepath fill
 0.1 0.88333 0 0.4 setcmykcolor
newpath -177.18 -27.74 moveto
-177.18 -27.34216 -177.33806 -26.96066 -177.61935 -26.67937 curveto
-177.90065 -26.39807 -178.28215 -26.24 -178.68 -26.24 curveto
-179.07784 -26.24 -179.45934 -26.39807 -179.74063 -26.67937 curveto
-180.02193 -26.96066 -180.18 -27.34216 -180.18 -27.74 curveto
-180.18 -28.13785 -180.02193 -28.51935 -179.74063 -28.80064 curveto
-179.45934 -29.08194 -179.07784 -29.24 -178.68 -29.24 curveto
-178.28215 -29.24 -177.90065 -29.08194 -177.61935 -28.80064 curveto
-177.33806 -28.51935 -177.18 -28.13785 -177.18 -27.74 curveto closepath stroke
-1 THsetalpha
 0 0 0.10417 0.04 setcmykcolor
newpath -158.77 -10.78 moveto
-158.77 -10.38216 -158.92807 -10.00066 -159.20937 -9.71936 curveto
-159.49066 -9.43806 -159.87216 -9.28 -160.27 -9.28 curveto
-160.66785 -9.28 -161.04935 -9.43806 -161.33064 -9.71936 curveto
-161.61194 -10.00066 -161.77 -10.38216 -161.77 -10.78 curveto
-161.77 -11.17784 -161.61194 -11.55934 -161.33064 -11.84064 curveto
-161.04935 -12.12193 -160.66785 -12.28 -160.27 -12.28 curveto
-159.87216 -12.28 -159.49066 -12.12193 -159.20937 -11.84064 curveto
-158.92807 -11.55934 -158.77 -11.17784 -158.77 -10.78 curveto closepath fill
 0.1 0.88333 0 0.4 setcmykcolor
newpath -158.77 -10.78 moveto
-158.77 -10.38216 -158.92807 -10.00066 -159.20937 -9.71936 curveto
-159.49066 -9.43806 -159.87216 -9.28 -160.27 -9.28 curveto
-160.66785 -9.28 -161.04935 -9.43806 -161.33064 -9.71936 curveto
-161.61194 -10.00066 -161.77 -10.38216 -161.77 -10.78 curveto
-161.77 -11.17784 -161.61194 -11.55934 -161.33064 -11.84064 curveto
-161.04935 -12.12193 -160.66785 -12.28 -160.27 -12.28 curveto
-159.87216 -12.28 -159.49066 -12.12193 -159.20937 -11.84064 curveto
-158.92807 -11.55934 -158.77 -11.17784 -158.77 -10.78 curveto closepath stroke
showpage
%%EOF
