%!PS
%%BoundingBox: -505 -118 502 98 
%%HiResBoundingBox: -504.77 -117.48001 501.89 97.51001 
%%Creator: MetaPost 2.02
%%CreationDate: 2023.12.12:1531
%%Pages: 1
%%BeginProlog
%%EndProlog
%%Page: 1 1
 0 0 0 1 setcmykcolor 0 1.2 dtransform truncate idtransform setlinewidth pop
 [] 0 setdash 1 setlinecap 1 setlinejoin 10 setmiterlimit
newpath 204.72 -77.94 moveto
204.72 -77.94 203.5 -83.69 208.77 -82.66 curveto
211.51 -82.12 241.47 -89.25 248.44 -89.14 curveto
251.57 -89.1 252.62 -86.18 258.65 -86.51 curveto
312.47 -89.44 339.45 -98.54 349.65 -101.2 curveto
370.96 -106.77 379.64 -113.06 398.66 -106.14 curveto
417.68 -99.22 449.55 -100.37 471.43 -104.16 curveto
493.22 -107.94 484.68 -112.46 496.58 -116.88 curveto stroke
newpath 501.29 -113.04 moveto
490.62 -110.5 489.12 -99.57 474.35 -98.84 curveto
472.13 -98.73 394.93 -90.88 394.04 -90.61 curveto
393.16 -90.34 264.63 -79.39 256.11 -78.97 curveto
247.61 -78.55 244.93 -78.42 244.93 -78.42 curveto
244.93 -78.42 229.54 -81.43 220.89 -66.33 curveto
212.18 -51.12 209.07 -54.14 208.19 -53.65 curveto
207.31 -53.15 137.89 -21.41 137.89 -21.41 curveto
137.89 -21.41 125.59 -16.44 118.9 -15.2 curveto
112.21 -13.96 54.73 -2.48 45.61 -0.92 curveto
36.51 0.63 -0.51 -2.33 -26.28 2.08 curveto
-61.54 8.12 -77.44 41.08 -118.51 43.14 curveto
-131.74 43.8 -195.46 28.83 -205.94 30.7 curveto
-216.4 32.56 -262.21 37.03 -262.21 37.03 curveto
-310.18 48.11 lineto stroke
 0 0.6 dtransform truncate idtransform setlinewidth pop
newpath 277.03 -51.48 moveto
277.03 -51.48 266.52 -59.27 253.87 -74.37 curveto stroke
newpath 258.34377 -71.86702 moveto
253.87 -74.37 lineto
255.59492 -69.54256 lineto
 closepath fill
newpath 258.34377 -71.86702 moveto
253.87 -74.37 lineto
255.59492 -69.54256 lineto
 closepath stroke
newpath -482.36 97.21 moveto
-498.51 84.97 lineto stroke
newpath -495.39423 85.82564 moveto
-498.51 84.97 lineto
-496.84396 87.73848 lineto stroke
 0 1.2 dtransform truncate idtransform setlinewidth pop
newpath -310.18 48.11 moveto
-343.56 53.39 lineto
-343.56 53.39 -400.11 69.95 -410.44 70.47 curveto
-420.71 70.98 -429.69 70.55 -429.69 70.55 curveto
-429.69 70.55 -476.59 68.6 -500.99 80.37 curveto stroke
newpath -502.97 66.42 moveto
-502.97 66.42 -499.23 65 -490.94 64.59 curveto
-482.65 64.18 -456.49 65.36 -447.83 63.14 curveto
-439.16 60.92 -417.34 58.25 -413.84 56.5 curveto
-410.33 54.74 -358.98 51.02 -351.9 48.64 curveto
-344.82 46.26 -344.45 44.67 -343.1 44.61 curveto
-341.76 44.54 -313.82 42.68 -309.4 41.34 curveto
-304.97 39.99 -261.81 29.37 -261.81 29.37 curveto
-261.81 29.37 -224.19 24.63 -210.11 19 curveto
-196.01 13.35 -176.32 -6.1 -110.16 -9.93 curveto stroke
newpath 204.72 -77.94 moveto
204.72 -77.94 208.5 -65.66 199.55 -59.53 curveto
190.66 -53.45 135.74 -45.14 135.74 -45.14 curveto
110.86 -31.66 lineto
110.86 -31.66 93 -22.27 87.11 -21.32 curveto
67.25 -18.12 45.71 -21.34 45.71 -21.34 curveto
45.71 -21.34 10.94 -23.14 6.8 -20.69 curveto
2.65 -18.25 -101.79 -9 -110.16 -9.93 curveto stroke
-1 THsetalpha
 0 0 0.10417 0.04 setcmykcolor
newpath 475.85 -98.84 moveto
475.85 -98.44215 475.69194 -98.06065 475.41064 -97.77936 curveto
475.12935 -97.49806 474.74785 -97.34 474.35 -97.34 curveto
473.95216 -97.34 473.57066 -97.49806 473.28937 -97.77936 curveto
473.00807 -98.06065 472.85 -98.44215 472.85 -98.84 curveto
472.85 -99.23784 473.00807 -99.61934 473.28937 -99.90063 curveto
473.57066 -100.18193 473.95216 -100.34 474.35 -100.34 curveto
474.74785 -100.34 475.12935 -100.18193 475.41064 -99.90063 curveto
475.69194 -99.61934 475.85 -99.23784 475.85 -98.84 curveto closepath fill
 0.1 0.88333 0 0.4 setcmykcolor 0 0.6
 dtransform truncate idtransform setlinewidth pop
newpath 475.85 -98.84 moveto
475.85 -98.44215 475.69194 -98.06065 475.41064 -97.77936 curveto
475.12935 -97.49806 474.74785 -97.34 474.35 -97.34 curveto
473.95216 -97.34 473.57066 -97.49806 473.28937 -97.77936 curveto
473.00807 -98.06065 472.85 -98.44215 472.85 -98.84 curveto
472.85 -99.23784 473.00807 -99.61934 473.28937 -99.90063 curveto
473.57066 -100.18193 473.95216 -100.34 474.35 -100.34 curveto
474.74785 -100.34 475.12935 -100.18193 475.41064 -99.90063 curveto
475.69194 -99.61934 475.85 -99.23784 475.85 -98.84 curveto closepath stroke
-1 THsetalpha
 0 0 0.10417 0.04 setcmykcolor
newpath 396.67 -92.17 moveto
396.67 -91.77216 396.51193 -91.39066 396.23064 -91.10936 curveto
395.94934 -90.82806 395.56784 -90.67 395.17 -90.67 curveto
394.77216 -90.67 394.39066 -90.82806 394.10936 -91.10936 curveto
393.82806 -91.39066 393.67 -91.77216 393.67 -92.17 curveto
393.67 -92.56784 393.82806 -92.94934 394.10936 -93.23064 curveto
394.39066 -93.51193 394.77216 -93.67 395.17 -93.67 curveto
395.56784 -93.67 395.94934 -93.51193 396.23064 -93.23064 curveto
396.51193 -92.94934 396.67 -92.56784 396.67 -92.17 curveto closepath fill
 0.1 0.88333 0 0.4 setcmykcolor
newpath 396.67 -92.17 moveto
396.67 -91.77216 396.51193 -91.39066 396.23064 -91.10936 curveto
395.94934 -90.82806 395.56784 -90.67 395.17 -90.67 curveto
394.77216 -90.67 394.39066 -90.82806 394.10936 -91.10936 curveto
393.82806 -91.39066 393.67 -91.77216 393.67 -92.17 curveto
393.67 -92.56784 393.82806 -92.94934 394.10936 -93.23064 curveto
394.39066 -93.51193 394.77216 -93.67 395.17 -93.67 curveto
395.56784 -93.67 395.94934 -93.51193 396.23064 -93.23064 curveto
396.51193 -92.94934 396.67 -92.56784 396.67 -92.17 curveto closepath stroke
-1 THsetalpha
 0 0 0.10417 0.04 setcmykcolor
newpath 257.54 -81.51 moveto
257.54 -81.11215 257.38193 -80.73065 257.10063 -80.44936 curveto
256.81934 -80.16806 256.43784 -80.01 256.04 -80.01 curveto
255.64215 -80.01 255.26065 -80.16806 254.97935 -80.44936 curveto
254.69806 -80.73065 254.54 -81.11215 254.54 -81.51 curveto
254.54 -81.90784 254.69806 -82.28934 254.97935 -82.57063 curveto
255.26065 -82.85193 255.64215 -83.01 256.04 -83.01 curveto
256.43784 -83.01 256.81934 -82.85193 257.10063 -82.57063 curveto
257.38193 -82.28934 257.54 -81.90784 257.54 -81.51 curveto closepath fill
 0.1 0.88333 0 0.4 setcmykcolor
newpath 257.54 -81.51 moveto
257.54 -81.11215 257.38193 -80.73065 257.10063 -80.44936 curveto
256.81934 -80.16806 256.43784 -80.01 256.04 -80.01 curveto
255.64215 -80.01 255.26065 -80.16806 254.97935 -80.44936 curveto
254.69806 -80.73065 254.54 -81.11215 254.54 -81.51 curveto
254.54 -81.90784 254.69806 -82.28934 254.97935 -82.57063 curveto
255.26065 -82.85193 255.64215 -83.01 256.04 -83.01 curveto
256.43784 -83.01 256.81934 -82.85193 257.10063 -82.57063 curveto
257.38193 -82.28934 257.54 -81.90784 257.54 -81.51 curveto closepath stroke
-1 THsetalpha
 0 0 0.10417 0.04 setcmykcolor
newpath 250.29 -85.54 moveto
250.29 -85.14215 250.13193 -84.76065 249.85063 -84.47935 curveto
249.56934 -84.19806 249.18784 -84.04 248.79 -84.04 curveto
248.39215 -84.04 248.01065 -84.19806 247.72935 -84.47935 curveto
247.44806 -84.76065 247.29 -85.14215 247.29 -85.54 curveto
247.29 -85.93784 247.44806 -86.31934 247.72935 -86.60063 curveto
248.01065 -86.88193 248.39215 -87.04 248.79 -87.04 curveto
249.18784 -87.04 249.56934 -86.88193 249.85063 -86.60063 curveto
250.13193 -86.31934 250.29 -85.93784 250.29 -85.54 curveto closepath fill
 0.1 0.88333 0 0.4 setcmykcolor
newpath 250.29 -85.54 moveto
250.29 -85.14215 250.13193 -84.76065 249.85063 -84.47935 curveto
249.56934 -84.19806 249.18784 -84.04 248.79 -84.04 curveto
248.39215 -84.04 248.01065 -84.19806 247.72935 -84.47935 curveto
247.44806 -84.76065 247.29 -85.14215 247.29 -85.54 curveto
247.29 -85.93784 247.44806 -86.31934 247.72935 -86.60063 curveto
248.01065 -86.88193 248.39215 -87.04 248.79 -87.04 curveto
249.18784 -87.04 249.56934 -86.88193 249.85063 -86.60063 curveto
250.13193 -86.31934 250.29 -85.93784 250.29 -85.54 curveto closepath stroke
-1 THsetalpha
 0 0 0.10417 0.04 setcmykcolor
newpath 213.4 -79.28 moveto
213.4 -78.88216 213.24193 -78.50066 212.96063 -78.21936 curveto
212.67934 -77.93806 212.29784 -77.78 211.9 -77.78 curveto
211.50215 -77.78 211.12065 -77.93806 210.83936 -78.21936 curveto
210.55806 -78.50066 210.4 -78.88216 210.4 -79.28 curveto
210.4 -79.67784 210.55806 -80.05934 210.83936 -80.34064 curveto
211.12065 -80.62193 211.50215 -80.78 211.9 -80.78 curveto
212.29784 -80.78 212.67934 -80.62193 212.96063 -80.34064 curveto
213.24193 -80.05934 213.4 -79.67784 213.4 -79.28 curveto closepath fill
 0.1 0.88333 0 0.4 setcmykcolor
newpath 213.4 -79.28 moveto
213.4 -78.88216 213.24193 -78.50066 212.96063 -78.21936 curveto
212.67934 -77.93806 212.29784 -77.78 211.9 -77.78 curveto
211.50215 -77.78 211.12065 -77.93806 210.83936 -78.21936 curveto
210.55806 -78.50066 210.4 -78.88216 210.4 -79.28 curveto
210.4 -79.67784 210.55806 -80.05934 210.83936 -80.34064 curveto
211.12065 -80.62193 211.50215 -80.78 211.9 -80.78 curveto
212.29784 -80.78 212.67934 -80.62193 212.96063 -80.34064 curveto
213.24193 -80.05934 213.4 -79.67784 213.4 -79.28 curveto closepath stroke
-1 THsetalpha
 0 0 0.10417 0.04 setcmykcolor
newpath 206.4 -54.24 moveto
206.4 -53.84216 206.24193 -53.46066 205.96063 -53.17937 curveto
205.67934 -52.89807 205.29784 -52.74 204.9 -52.74 curveto
204.50215 -52.74 204.12065 -52.89807 203.83936 -53.17937 curveto
203.55806 -53.46066 203.4 -53.84216 203.4 -54.24 curveto
203.4 -54.63785 203.55806 -55.01935 203.83936 -55.30064 curveto
204.12065 -55.58194 204.50215 -55.74 204.9 -55.74 curveto
205.29784 -55.74 205.67934 -55.58194 205.96063 -55.30064 curveto
206.24193 -55.01935 206.4 -54.63785 206.4 -54.24 curveto closepath fill
 0.1 0.88333 0 0.4 setcmykcolor
newpath 206.4 -54.24 moveto
206.4 -53.84216 206.24193 -53.46066 205.96063 -53.17937 curveto
205.67934 -52.89807 205.29784 -52.74 204.9 -52.74 curveto
204.50215 -52.74 204.12065 -52.89807 203.83936 -53.17937 curveto
203.55806 -53.46066 203.4 -53.84216 203.4 -54.24 curveto
203.4 -54.63785 203.55806 -55.01935 203.83936 -55.30064 curveto
204.12065 -55.58194 204.50215 -55.74 204.9 -55.74 curveto
205.29784 -55.74 205.67934 -55.58194 205.96063 -55.30064 curveto
206.24193 -55.01935 206.4 -54.63785 206.4 -54.24 curveto closepath stroke
-1 THsetalpha
 0 0 0.10417 0.04 setcmykcolor
newpath 138.19 -33.47 moveto
138.19 -33.07216 138.03194 -32.69066 137.75064 -32.40936 curveto
137.46935 -32.12807 137.08784 -31.97 136.69 -31.97 curveto
136.29216 -31.97 135.91066 -32.12807 135.62936 -32.40936 curveto
135.34807 -32.69066 135.19 -33.07216 135.19 -33.47 curveto
135.19 -33.86784 135.34807 -34.24934 135.62936 -34.53064 curveto
135.91066 -34.81194 136.29216 -34.97 136.69 -34.97 curveto
137.08784 -34.97 137.46935 -34.81194 137.75064 -34.53064 curveto
138.03194 -34.24934 138.19 -33.86784 138.19 -33.47 curveto closepath fill
 0.1 0.88333 0 0.4 setcmykcolor
newpath 138.19 -33.47 moveto
138.19 -33.07216 138.03194 -32.69066 137.75064 -32.40936 curveto
137.46935 -32.12807 137.08784 -31.97 136.69 -31.97 curveto
136.29216 -31.97 135.91066 -32.12807 135.62936 -32.40936 curveto
135.34807 -32.69066 135.19 -33.07216 135.19 -33.47 curveto
135.19 -33.86784 135.34807 -34.24934 135.62936 -34.53064 curveto
135.91066 -34.81194 136.29216 -34.97 136.69 -34.97 curveto
137.08784 -34.97 137.46935 -34.81194 137.75064 -34.53064 curveto
138.03194 -34.24934 138.19 -33.86784 138.19 -33.47 curveto closepath stroke
-1 THsetalpha
 0 0 0.10417 0.04 setcmykcolor
newpath 119.9 -18.29 moveto
119.9 -17.89215 119.74193 -17.51065 119.46063 -17.22935 curveto
119.17934 -16.94806 118.79784 -16.79 118.4 -16.79 curveto
118.00215 -16.79 117.62065 -16.94806 117.33936 -17.22935 curveto
117.05806 -17.51065 116.9 -17.89215 116.9 -18.29 curveto
116.9 -18.68784 117.05806 -19.06934 117.33936 -19.35063 curveto
117.62065 -19.63193 118.00215 -19.79 118.4 -19.79 curveto
118.79784 -19.79 119.17934 -19.63193 119.46063 -19.35063 curveto
119.74193 -19.06934 119.9 -18.68784 119.9 -18.29 curveto closepath fill
 0.1 0.88333 0 0.4 setcmykcolor
newpath 119.9 -18.29 moveto
119.9 -17.89215 119.74193 -17.51065 119.46063 -17.22935 curveto
119.17934 -16.94806 118.79784 -16.79 118.4 -16.79 curveto
118.00215 -16.79 117.62065 -16.94806 117.33936 -17.22935 curveto
117.05806 -17.51065 116.9 -17.89215 116.9 -18.29 curveto
116.9 -18.68784 117.05806 -19.06934 117.33936 -19.35063 curveto
117.62065 -19.63193 118.00215 -19.79 118.4 -19.79 curveto
118.79784 -19.79 119.17934 -19.63193 119.46063 -19.35063 curveto
119.74193 -19.06934 119.9 -18.68784 119.9 -18.29 curveto closepath stroke
-1 THsetalpha
 0 0 0.10417 0.04 setcmykcolor
newpath 45.04 -13.71 moveto
45.04 -13.31216 44.88193 -12.93066 44.60063 -12.64937 curveto
44.31934 -12.36807 43.93784 -12.21 43.54 -12.21 curveto
43.14215 -12.21 42.76065 -12.36807 42.47935 -12.64937 curveto
42.19806 -12.93066 42.04 -13.31216 42.04 -13.71 curveto
42.04 -14.10785 42.19806 -14.48935 42.47935 -14.77065 curveto
42.76065 -15.05194 43.14215 -15.21 43.54 -15.21 curveto
43.93784 -15.21 44.31934 -15.05194 44.60063 -14.77065 curveto
44.88193 -14.48935 45.04 -14.10785 45.04 -13.71 curveto closepath fill
 0.1 0.88333 0 0.4 setcmykcolor
newpath 45.04 -13.71 moveto
45.04 -13.31216 44.88193 -12.93066 44.60063 -12.64937 curveto
44.31934 -12.36807 43.93784 -12.21 43.54 -12.21 curveto
43.14215 -12.21 42.76065 -12.36807 42.47935 -12.64937 curveto
42.19806 -12.93066 42.04 -13.31216 42.04 -13.71 curveto
42.04 -14.10785 42.19806 -14.48935 42.47935 -14.77065 curveto
42.76065 -15.05194 43.14215 -15.21 43.54 -15.21 curveto
43.93784 -15.21 44.31934 -15.05194 44.60063 -14.77065 curveto
44.88193 -14.48935 45.04 -14.10785 45.04 -13.71 curveto closepath stroke
-1 THsetalpha
 0 0 0.10417 0.04 setcmykcolor
newpath 13.85 -9.42 moveto
13.85 -9.02216 13.69194 -8.64066 13.41064 -8.35936 curveto
13.12935 -8.07806 12.74785 -7.92 12.35 -7.92 curveto
11.95216 -7.92 11.57066 -8.07806 11.28937 -8.35936 curveto
11.00807 -8.64066 10.85 -9.02216 10.85 -9.42 curveto
10.85 -9.81784 11.00807 -10.19934 11.28937 -10.48064 curveto
11.57066 -10.76193 11.95216 -10.92 12.35 -10.92 curveto
12.74785 -10.92 13.12935 -10.76193 13.41064 -10.48064 curveto
13.69194 -10.19934 13.85 -9.81784 13.85 -9.42 curveto closepath fill
 0.1 0.88333 0 0.4 setcmykcolor
newpath 13.85 -9.42 moveto
13.85 -9.02216 13.69194 -8.64066 13.41064 -8.35936 curveto
13.12935 -8.07806 12.74785 -7.92 12.35 -7.92 curveto
11.95216 -7.92 11.57066 -8.07806 11.28937 -8.35936 curveto
11.00807 -8.64066 10.85 -9.02216 10.85 -9.42 curveto
10.85 -9.81784 11.00807 -10.19934 11.28937 -10.48064 curveto
11.57066 -10.76193 11.95216 -10.92 12.35 -10.92 curveto
12.74785 -10.92 13.12935 -10.76193 13.41064 -10.48064 curveto
13.69194 -10.19934 13.85 -9.81784 13.85 -9.42 curveto closepath stroke
-1 THsetalpha
 0 0 0.10417 0.04 setcmykcolor
newpath -111.33 7.9 moveto
-111.33 8.29784 -111.48807 8.67934 -111.76936 8.96063 curveto
-112.05066 9.24193 -112.43216 9.4 -112.83 9.4 curveto
-113.22784 9.4 -113.60934 9.24193 -113.89064 8.96063 curveto
-114.17194 8.67934 -114.33 8.29784 -114.33 7.9 curveto
-114.33 7.50215 -114.17194 7.12065 -113.89064 6.83936 curveto
-113.60934 6.55806 -113.22784 6.4 -112.83 6.4 curveto
-112.43216 6.4 -112.05066 6.55806 -111.76936 6.83936 curveto
-111.48807 7.12065 -111.33 7.50215 -111.33 7.9 curveto closepath fill
 0.1 0.88333 0 0.4 setcmykcolor
newpath -111.33 7.9 moveto
-111.33 8.29784 -111.48807 8.67934 -111.76936 8.96063 curveto
-112.05066 9.24193 -112.43216 9.4 -112.83 9.4 curveto
-113.22784 9.4 -113.60934 9.24193 -113.89064 8.96063 curveto
-114.17194 8.67934 -114.33 8.29784 -114.33 7.9 curveto
-114.33 7.50215 -114.17194 7.12065 -113.89064 6.83936 curveto
-113.60934 6.55806 -113.22784 6.4 -112.83 6.4 curveto
-112.43216 6.4 -112.05066 6.55806 -111.76936 6.83936 curveto
-111.48807 7.12065 -111.33 7.50215 -111.33 7.9 curveto closepath stroke
-1 THsetalpha
 0 0 0.10417 0.04 setcmykcolor
newpath -202.52 28.25 moveto
-202.52 28.64784 -202.67807 29.02934 -202.95937 29.31064 curveto
-203.24066 29.59193 -203.62216 29.75 -204.02 29.75 curveto
-204.41785 29.75 -204.79935 29.59193 -205.08064 29.31064 curveto
-205.36194 29.02934 -205.52 28.64784 -205.52 28.25 curveto
-205.52 27.85216 -205.36194 27.47066 -205.08064 27.18936 curveto
-204.79935 26.90807 -204.41785 26.75 -204.02 26.75 curveto
-203.62216 26.75 -203.24066 26.90807 -202.95937 27.18936 curveto
-202.67807 27.47066 -202.52 27.85216 -202.52 28.25 curveto closepath fill
 0.1 0.88333 0 0.4 setcmykcolor
newpath -202.52 28.25 moveto
-202.52 28.64784 -202.67807 29.02934 -202.95937 29.31064 curveto
-203.24066 29.59193 -203.62216 29.75 -204.02 29.75 curveto
-204.41785 29.75 -204.79935 29.59193 -205.08064 29.31064 curveto
-205.36194 29.02934 -205.52 28.64784 -205.52 28.25 curveto
-205.52 27.85216 -205.36194 27.47066 -205.08064 27.18936 curveto
-204.79935 26.90807 -204.41785 26.75 -204.02 26.75 curveto
-203.62216 26.75 -203.24066 26.90807 -202.95937 27.18936 curveto
-202.67807 27.47066 -202.52 27.85216 -202.52 28.25 curveto closepath stroke
-1 THsetalpha
 0 0 0.10417 0.04 setcmykcolor
newpath -260.31 29.37 moveto
-260.31 29.76784 -260.46806 30.14934 -260.74936 30.43063 curveto
-261.03065 30.71193 -261.41216 30.87 -261.81 30.87 curveto
-262.20784 30.87 -262.58934 30.71193 -262.87064 30.43063 curveto
-263.15193 30.14934 -263.31 29.76784 -263.31 29.37 curveto
-263.31 28.97215 -263.15193 28.59065 -262.87064 28.30936 curveto
-262.58934 28.02806 -262.20784 27.87 -261.81 27.87 curveto
-261.41216 27.87 -261.03065 28.02806 -260.74936 28.30936 curveto
-260.46806 28.59065 -260.31 28.97215 -260.31 29.37 curveto closepath fill
 0.1 0.88333 0 0.4 setcmykcolor
newpath -260.31 29.37 moveto
-260.31 29.76784 -260.46806 30.14934 -260.74936 30.43063 curveto
-261.03065 30.71193 -261.41216 30.87 -261.81 30.87 curveto
-262.20784 30.87 -262.58934 30.71193 -262.87064 30.43063 curveto
-263.15193 30.14934 -263.31 29.76784 -263.31 29.37 curveto
-263.31 28.97215 -263.15193 28.59065 -262.87064 28.30936 curveto
-262.58934 28.02806 -262.20784 27.87 -261.81 27.87 curveto
-261.41216 27.87 -261.03065 28.02806 -260.74936 28.30936 curveto
-260.46806 28.59065 -260.31 28.97215 -260.31 29.37 curveto closepath stroke
-1 THsetalpha
 0 0 0.10417 0.04 setcmykcolor
newpath -306.37 45.18 moveto
-306.37 45.57784 -306.52806 45.95934 -306.80936 46.24063 curveto
-307.09065 46.52193 -307.47215 46.68 -307.87 46.68 curveto
-308.26784 46.68 -308.64934 46.52193 -308.93063 46.24063 curveto
-309.21193 45.95934 -309.37 45.57784 -309.37 45.18 curveto
-309.37 44.78215 -309.21193 44.40065 -308.93063 44.11935 curveto
-308.64934 43.83806 -308.26784 43.68 -307.87 43.68 curveto
-307.47215 43.68 -307.09065 43.83806 -306.80936 44.11935 curveto
-306.52806 44.40065 -306.37 44.78215 -306.37 45.18 curveto closepath fill
 0.1 0.88333 0 0.4 setcmykcolor
newpath -306.37 45.18 moveto
-306.37 45.57784 -306.52806 45.95934 -306.80936 46.24063 curveto
-307.09065 46.52193 -307.47215 46.68 -307.87 46.68 curveto
-308.26784 46.68 -308.64934 46.52193 -308.93063 46.24063 curveto
-309.21193 45.95934 -309.37 45.57784 -309.37 45.18 curveto
-309.37 44.78215 -309.21193 44.40065 -308.93063 44.11935 curveto
-308.64934 43.83806 -308.26784 43.68 -307.87 43.68 curveto
-307.47215 43.68 -307.09065 43.83806 -306.80936 44.11935 curveto
-306.52806 44.40065 -306.37 44.78215 -306.37 45.18 curveto closepath stroke
-1 THsetalpha
 0 0 0.10417 0.04 setcmykcolor
newpath -342.35 48.97 moveto
-342.35 49.36784 -342.50807 49.74934 -342.78937 50.03064 curveto
-343.07066 50.31194 -343.45216 50.47 -343.85 50.47 curveto
-344.24785 50.47 -344.62935 50.31194 -344.91064 50.03064 curveto
-345.19194 49.74934 -345.35 49.36784 -345.35 48.97 curveto
-345.35 48.57216 -345.19194 48.19066 -344.91064 47.90936 curveto
-344.62935 47.62807 -344.24785 47.47 -343.85 47.47 curveto
-343.45216 47.47 -343.07066 47.62807 -342.78937 47.90936 curveto
-342.50807 48.19066 -342.35 48.57216 -342.35 48.97 curveto closepath fill
 0.1 0.88333 0 0.4 setcmykcolor
newpath -342.35 48.97 moveto
-342.35 49.36784 -342.50807 49.74934 -342.78937 50.03064 curveto
-343.07066 50.31194 -343.45216 50.47 -343.85 50.47 curveto
-344.24785 50.47 -344.62935 50.31194 -344.91064 50.03064 curveto
-345.19194 49.74934 -345.35 49.36784 -345.35 48.97 curveto
-345.35 48.57216 -345.19194 48.19066 -344.91064 47.90936 curveto
-344.62935 47.62807 -344.24785 47.47 -343.85 47.47 curveto
-343.45216 47.47 -343.07066 47.62807 -342.78937 47.90936 curveto
-342.50807 48.19066 -342.35 48.57216 -342.35 48.97 curveto closepath stroke
-1 THsetalpha
 0 0 0.10417 0.04 setcmykcolor
newpath -410.66 66.29 moveto
-410.66 66.68784 -410.81807 67.06934 -411.09937 67.35063 curveto
-411.38066 67.63193 -411.76216 67.79 -412.16 67.79 curveto
-412.55785 67.79 -412.93935 67.63193 -413.22064 67.35063 curveto
-413.50194 67.06934 -413.66 66.68784 -413.66 66.29 curveto
-413.66 65.89215 -413.50194 65.51065 -413.22064 65.22935 curveto
-412.93935 64.94806 -412.55785 64.79 -412.16 64.79 curveto
-411.76216 64.79 -411.38066 64.94806 -411.09937 65.22935 curveto
-410.81807 65.51065 -410.66 65.89215 -410.66 66.29 curveto closepath fill
 0.1 0.88333 0 0.4 setcmykcolor
newpath -410.66 66.29 moveto
-410.66 66.68784 -410.81807 67.06934 -411.09937 67.35063 curveto
-411.38066 67.63193 -411.76216 67.79 -412.16 67.79 curveto
-412.55785 67.79 -412.93935 67.63193 -413.22064 67.35063 curveto
-413.50194 67.06934 -413.66 66.68784 -413.66 66.29 curveto
-413.66 65.89215 -413.50194 65.51065 -413.22064 65.22935 curveto
-412.93935 64.94806 -412.55785 64.79 -412.16 64.79 curveto
-411.76216 64.79 -411.38066 64.94806 -411.09937 65.22935 curveto
-410.81807 65.51065 -410.66 65.89215 -410.66 66.29 curveto closepath stroke
-1 THsetalpha
 0 0 0.10417 0.04 setcmykcolor
newpath -429.15 68.94 moveto
-429.15 69.33784 -429.30806 69.71935 -429.58936 70.00064 curveto
-429.87065 70.28194 -430.25215 70.44 -430.65 70.44 curveto
-431.04784 70.44 -431.42934 70.28194 -431.71063 70.00064 curveto
-431.99193 69.71935 -432.15 69.33784 -432.15 68.94 curveto
-432.15 68.54216 -431.99193 68.16066 -431.71063 67.87936 curveto
-431.42934 67.59807 -431.04784 67.44 -430.65 67.44 curveto
-430.25215 67.44 -429.87065 67.59807 -429.58936 67.87936 curveto
-429.30806 68.16066 -429.15 68.54216 -429.15 68.94 curveto closepath fill
 0.1 0.88333 0 0.4 setcmykcolor
newpath -429.15 68.94 moveto
-429.15 69.33784 -429.30806 69.71935 -429.58936 70.00064 curveto
-429.87065 70.28194 -430.25215 70.44 -430.65 70.44 curveto
-431.04784 70.44 -431.42934 70.28194 -431.71063 70.00064 curveto
-431.99193 69.71935 -432.15 69.33784 -432.15 68.94 curveto
-432.15 68.54216 -431.99193 68.16066 -431.71063 67.87936 curveto
-431.42934 67.59807 -431.04784 67.44 -430.65 67.44 curveto
-430.25215 67.44 -429.87065 67.59807 -429.58936 67.87936 curveto
-429.30806 68.16066 -429.15 68.54216 -429.15 68.94 curveto closepath stroke
-1 THsetalpha
 0 0 0.10417 0.04 setcmykcolor
newpath -501.47 66.42 moveto
-501.47 66.81784 -501.62807 67.19934 -501.90936 67.48064 curveto
-502.19066 67.76193 -502.57216 67.92 -502.97 67.92 curveto
-503.36784 67.92 -503.74934 67.76193 -504.03064 67.48064 curveto
-504.31194 67.19934 -504.47 66.81784 -504.47 66.42 curveto
-504.47 66.02216 -504.31194 65.64066 -504.03064 65.35936 curveto
-503.74934 65.07806 -503.36784 64.92 -502.97 64.92 curveto
-502.57216 64.92 -502.19066 65.07806 -501.90936 65.35936 curveto
-501.62807 65.64066 -501.47 66.02216 -501.47 66.42 curveto closepath fill
 0.1 0.88333 0 0.4 setcmykcolor
newpath -501.47 66.42 moveto
-501.47 66.81784 -501.62807 67.19934 -501.90936 67.48064 curveto
-502.19066 67.76193 -502.57216 67.92 -502.97 67.92 curveto
-503.36784 67.92 -503.74934 67.76193 -504.03064 67.48064 curveto
-504.31194 67.19934 -504.47 66.81784 -504.47 66.42 curveto
-504.47 66.02216 -504.31194 65.64066 -504.03064 65.35936 curveto
-503.74934 65.07806 -503.36784 64.92 -502.97 64.92 curveto
-502.57216 64.92 -502.19066 65.07806 -501.90936 65.35936 curveto
-501.62807 65.64066 -501.47 66.02216 -501.47 66.42 curveto closepath stroke
showpage
%%EOF
