%!PS
%%BoundingBox: -180 -262 211 230 
%%HiResBoundingBox: -179.60321 -261.99 210.1 229.08174 
%%Creator: MetaPost 2.02
%%CreationDate: 2023.12.12:1531
%%Pages: 1
%%BeginProlog
%%EndProlog
%%Page: 1 1
 0 0 0 1 setcmykcolor
newpath -120.37929 226.97124 moveto
-130.33818 204.61353 lineto
-129.74434 229.08174 lineto
 closepath fill
 0 1.2 dtransform truncate idtransform setlinewidth pop [] 0 setdash
 1 setlinecap 1 setlinejoin 10 setmiterlimit
newpath 110.19 -224.9 moveto
110.06 -182.75 121.78 -178.15 123.85 -172.33 curveto
135.51 -139.49 155.27 -126.2 155.27 -126.2 curveto
155.27 -126.2 189.04 -83.46 196.56 -76.83 curveto
204.09 -70.2 209.1 -64.37 209.5 -60.57 curveto stroke
newpath 40.34 13.27 moveto
43.7 9.4 53.68 -1.9 53.3 -10 curveto
52.93 -18.07 41.97 -30.39 42.4 -35.13 curveto
42.84 -39.88 64.31 -73.15 64.16 -75.53 curveto
64.02 -77.91 76.63 -111.86 83.44 -115.56 curveto
90.26 -119.25 131.18 -130.95 133.94 -134.45 curveto
136.71 -137.97 112.42 -170.68 103.89 -179.76 curveto
95.36 -188.83 104.85 -223.08 104.85 -223.08 curveto stroke
newpath 40.17 33.41 moveto
30.27 31.99 28.94 25.58 33.27 22.6 curveto
38.54 18.97 36.67 17.47 40.34 13.27 curveto stroke
newpath 35.86 71.43 moveto
22.16 68.34 -6.08 66.12 -7.35 63.02 curveto
-8.61 59.93 -52.14 9.92 -53.67 5.94 curveto
-54.91 2.73 -48.88 -12.3 -39.88 -2.58 curveto
-30.87 7.14 -10.14 46.49 0.76 48.23 curveto
11.65 49.98 39.63 61.86 45 59.73 curveto
52.08 56.93 69.83 52.22 65.58 47.71 curveto
61.34 43.19 51.09 34.92 47.24 34.21 curveto
43.35 33.5 43.83 33.92 40.17 33.41 curveto stroke
newpath 20.14 96.94 moveto
27.21 88.06 21.2 89.87 26.59 84.48 curveto
31.53 79.53 40.88 72.55 35.86 71.43 curveto stroke
newpath -149.69 168.99 moveto
-149.69 168.99 -174.51 124.26 -174.58 122.69 curveto
-174.66 121.12 -187.09 106.14 -169.92 97.51 curveto
-151.68 88.33 -143.24 86.14 -137.16 86.3 curveto
-131.08 86.47 -133 90.79 -119.64 90.66 curveto
-107.49 90.54 -105.71 89.78 -94.43 90.38 curveto
-42.73 93.15 9.8 103.75 9.8 103.75 curveto
9.8 103.75 13.06 105.85 20.14 96.94 curveto stroke
newpath 134.99628 -224.61902 moveto
135.84477 -225.46751 137.11751 -224.19478 136.26901 -223.34628 curveto
130.75363 -217.8309 lineto
132.66287 -215.92166 lineto
129.69296 -212.95175 lineto
124.60175 -218.04297 lineto
127.57166 -221.01288 lineto
129.4809 -219.10364 lineto
 closepath fill
 0 0.6 dtransform truncate idtransform setlinewidth pop
newpath 158.91206 -81.0989 moveto
173.56038 -65.22484 lineto stroke
newpath 163.52414 -79.6398 moveto
161.9087 -78.96405 160.13332 -79.77547 158.91206 -81.0989 curveto stroke
newpath 159.99664 -76.38467 moveto
160.79976 -77.94073 160.13332 -79.77547 158.91206 -81.0989 curveto stroke
 0.6 0 dtransform exch truncate exch idtransform pop setlinewidth
newpath 173.56038 -65.22484 moveto
173.4242 -61.83353 lineto stroke
newpath 171.93282 -66.9886 moveto
171.79663 -63.59727 lineto stroke
newpath 170.30525 -68.75235 moveto
170.16907 -65.36104 lineto stroke
newpath 109.53 -237.69 moveto
109.53 -259.29004 lineto stroke
 0 0.6 dtransform truncate idtransform setlinewidth pop
newpath 107.13004 -241.89008 moveto
108.77551 -241.29115 109.53 -239.49083 109.53 -237.69 curveto stroke
newpath 111.92996 -241.89008 moveto
110.28448 -241.29115 109.53 -239.49083 109.53 -237.69 curveto stroke
newpath 109.53 -259.29004 moveto
111.92996 -261.69 lineto stroke
newpath 109.53 -256.89008 moveto
111.92996 -259.29004 lineto stroke
newpath 109.53 -254.49011 moveto
111.92996 -256.89008 lineto stroke
 0 1.2 dtransform truncate idtransform setlinewidth pop
newpath 192.55 -61.35 moveto
193.78 -63.88 156.95 -100.17 147.04 -114.56 curveto
137.12 -128.96 119.96 -104.6 105.91 -96.98 curveto
91.86 -89.37 80.16 -51.09 79.84 -48.37 curveto
79.52 -45.65 59.63 -4.04 59.63 -4.04 curveto
59.63 -4.04 57.27 8.73 53 14.31 curveto stroke
newpath 53 14.31 moveto
48.76 19.89 51.78 21.12 53.88 26.45 curveto stroke
newpath 53.88 26.45 moveto
55.91 31.78 80.71 46.56 83.29 48.71 curveto
85.87 50.85 85.16 76.56 81.15 77.66 curveto
69.38 80.9 69.98 64.64 62.29 62.99 curveto
54.54 61.32 53.65 71.28 52.19 73.82 curveto stroke
newpath 52.19 73.82 moveto
50.74 76.37 30.8 103.24 26.05 108.21 curveto stroke
newpath 26.05 108.21 moveto
20.85 113.63 17.38 116.71 2.43 114.92 curveto
-12.51 113.13 -30.51 108.8 -69.63 110.4 curveto
-81.99 110.9 -102.67 116.65 -114.51 118.55 curveto
-126.35 120.45 -135.58 115.48 -141.31 118 curveto
-146 120.06 -150.05 132.14 -150.36 136.86 curveto
-150.63 140.91 -132.71 156.75 -132.71 156.75 curveto stroke
newpath -132.71 156.75 moveto
-132.71 156.75 -123.32 174.35 -127.18 179.43 curveto
-130.35 183.61 -128.88 186.24 -137.97 183.96 curveto
-147.06 181.68 -149.54 170.12 -149.69 168.99 curveto stroke
 0 0.6 dtransform truncate idtransform setlinewidth pop
newpath -133.63661 158.2247 moveto
-133.37132 158.75107 -133.10889 159.27888 -132.85477 159.81075 curveto
-132.60019 160.34357 -132.34764 160.87737 -132.10329 161.41495 curveto
-131.85913 161.95213 -131.61743 162.49045 -131.3839 163.03233 curveto
-131.15073 163.5734 -130.92097 164.11597 -130.6995 164.66193 curveto
-130.47852 165.20665 -130.26248 165.75339 -130.05482 166.30333 curveto
-129.84789 166.8514 -129.64809 167.40211 -129.45685 167.95586 curveto
-129.26665 168.50662 -129.08673 169.0609 -128.91563 169.6179 curveto
-128.74586 170.17064 -128.5911 170.72783 -128.44548 171.2874 curveto
-128.30159 171.84035 -128.18007 172.39876 -128.0682 172.95905 curveto
-127.95866 173.50768 -127.8834 174.0623 -127.81873 174.61797 curveto
-127.75659 175.1517 -127.74931 175.68968 -127.75449 176.2269 curveto
-127.75923 176.71808 -127.8557 177.20183 -127.9668 177.68001 curveto
-128.05711 178.06874 -128.28825 178.40233 -128.52425 178.72327 curveto
-128.91171 179.25017 -129.26808 179.79913 -129.59665 180.36462 curveto
-129.89418 180.8767 -130.16998 181.40123 -130.47543 181.90865 curveto
-131.10991 182.96263 -132.39012 183.3595 -133.63576 183.26242 curveto
-133.63576 183.26242 lineto
-134.18573 183.21956 -134.72917 183.12106 -135.2723 183.02505 curveto
-135.83827 182.92502 -136.39761 182.79176 -136.95778 182.6633 curveto
-137.47493 182.5447 -137.9952 182.43237 -138.49104 182.24292 curveto
-138.98572 182.05391 -139.48546 181.87332 -139.94879 181.6164 curveto
-140.41461 181.3581 -140.88118 181.09856 -141.30821 180.7799 curveto
-141.73994 180.45775 -142.1668 180.12778 -142.5558 179.75499 curveto
-142.94966 179.37755 -143.33322 178.9889 -143.68365 178.57077 curveto
-144.03839 178.1475 -144.3784 177.71187 -144.69115 177.25665 curveto
-145.00717 176.79666 -145.30516 176.32448 -145.58159 175.83965 curveto
-145.8604 175.35066 -146.11871 174.85033 -146.3604 174.34198 curveto
-146.60347 173.83073 -146.82422 173.30927 -147.03206 172.78271 curveto
-147.24039 172.25494 -147.42474 171.71815 -147.5982 171.17793 curveto
-147.77042 170.64157 -147.92087 170.09848 -148.0492 169.54996 curveto stroke
newpath -132.93538 159.64275 moveto
-132.85477 159.81075 lineto
-132.60019 160.34357 -132.34764 160.87737 -132.10329 161.41495 curveto
-131.93694 161.78094 -131.77173 162.14746 -131.60947 162.51527 curveto
-135.13206 162.40024 lineto
 closepath stroke
-1 THsetalpha
 0 0 0.10417 0.04 setcmykcolor
newpath -130.39029 165.43463 moveto
-130.27647 165.72342 -130.16447 166.01292 -130.05482 166.30333 curveto
-129.84789 166.8514 -129.64809 167.40211 -129.45685 167.95586 curveto
-129.30397 168.40584 lineto
-132.79901 168.00093 lineto
 closepath fill
 0 0 0 1 setcmykcolor
newpath -130.39029 165.43463 moveto
-130.27647 165.72342 -130.16447 166.01292 -130.05482 166.30333 curveto
-129.84789 166.8514 -129.64809 167.40211 -129.45685 167.95586 curveto
-129.30397 168.40584 lineto
-132.79901 168.00093 lineto
 closepath stroke
-1 THsetalpha
 0 0 0.10417 0.04 setcmykcolor
newpath -128.40662 171.43906 moveto
-128.27948 171.94238 -128.16985 172.44994 -128.0682 172.95905 curveto
-127.96333 173.48431 -127.88988 174.01508 -127.82706 174.54697 curveto
-131.16719 173.59717 lineto
 closepath fill
 0 0 0 1 setcmykcolor
newpath -128.40662 171.43906 moveto
-128.27948 171.94238 -128.16985 172.44994 -128.0682 172.95905 curveto
-127.96333 173.48431 -127.88988 174.01508 -127.82706 174.54697 curveto
-131.16719 173.59717 lineto
 closepath stroke
-1 THsetalpha
 0 0 0.10417 0.04 setcmykcolor
newpath -127.96898 177.68929 moveto
-128.0608 178.07405 -128.29013 178.40489 -128.52425 178.72327 curveto
-128.91171 179.25017 -129.26808 179.79913 -129.59665 180.36462 curveto
-129.60692 180.38234 lineto
-131.35132 177.2366 lineto
 closepath fill
 0 0 0 1 setcmykcolor
newpath -127.96898 177.68929 moveto
-128.0608 178.07405 -128.29013 178.40489 -128.52425 178.72327 curveto
-128.91171 179.25017 -129.26808 179.79913 -129.59665 180.36462 curveto
-129.60692 180.38234 lineto
-131.35132 177.2366 lineto
 closepath stroke
-1 THsetalpha
 0 0 0.10417 0.04 setcmykcolor
newpath -131.48895 182.86082 moveto
-132.11697 183.19926 -132.88269 183.3211 -133.63576 183.26242 curveto
-133.63576 183.26242 lineto
-133.95183 183.2378 -134.26575 183.19478 -134.57867 183.14442 curveto
-133.22041 180.11197 lineto
 closepath fill
 0 0 0 1 setcmykcolor
newpath -131.48895 182.86082 moveto
-132.11697 183.19926 -132.88269 183.3211 -133.63576 183.26242 curveto
-133.63576 183.26242 lineto
-133.95183 183.2378 -134.26575 183.19478 -134.57867 183.14442 curveto
-133.22041 180.11197 lineto
 closepath stroke
-1 THsetalpha
 0 0 0.10417 0.04 setcmykcolor
newpath -137.67422 182.49461 moveto
-137.9507 182.42438 -138.2244 182.3448 -138.49104 182.24292 curveto
-138.98572 182.05391 -139.48546 181.87332 -139.94879 181.6164 curveto
-140.1588 181.49995 -140.36896 181.38326 -140.57556 181.261 curveto
-137.97891 179.04915 lineto
 closepath fill
 0 0 0 1 setcmykcolor
newpath -137.67422 182.49461 moveto
-137.9507 182.42438 -138.2244 182.3448 -138.49104 182.24292 curveto
-138.98572 182.05391 -139.48546 181.87332 -139.94879 181.6164 curveto
-140.1588 181.49995 -140.36896 181.38326 -140.57556 181.261 curveto
-137.97891 179.04915 lineto
 closepath stroke
-1 THsetalpha
 0 0 0.10417 0.04 setcmykcolor
newpath -143.03374 179.28355 moveto
-143.25877 179.05371 -143.47697 178.81737 -143.68365 178.57077 curveto
-144.03839 178.1475 -144.3784 177.71187 -144.69115 177.25665 curveto
-144.79358 177.10756 -144.89412 176.95718 -144.99263 176.80551 curveto
-141.58875 176.13322 lineto
 closepath fill
 0 0 0 1 setcmykcolor
newpath -143.03374 179.28355 moveto
-143.25877 179.05371 -143.47697 178.81737 -143.68365 178.57077 curveto
-144.03839 178.1475 -144.3784 177.71187 -144.69115 177.25665 curveto
-144.79358 177.10756 -144.89412 176.95718 -144.99263 176.80551 curveto
-141.58875 176.13322 lineto
 closepath stroke
-1 THsetalpha
 0 0 0.10417 0.04 setcmykcolor
newpath -146.50545 174.03006 moveto
-146.69238 173.61925 -146.86632 173.2026 -147.03206 172.78271 curveto
-147.24039 172.25494 -147.42474 171.71815 -147.5982 171.17793 curveto
-147.6309 171.07516 lineto
-144.15724 171.4455 lineto
 closepath fill
 0 0 0 1 setcmykcolor
newpath -146.50545 174.03006 moveto
-146.69238 173.61925 -146.86632 173.2026 -147.03206 172.78271 curveto
-147.24039 172.25494 -147.42474 171.71815 -147.5982 171.17793 curveto
-147.6309 171.07516 lineto
-144.15724 171.4455 lineto
 closepath stroke
newpath 21.48 6.18 moveto
21.23 10.93 21.65 20.41 34.7 13.72 curveto stroke
newpath 32.53423 16.11786 moveto
34.7 13.72 lineto
31.47798 13.96262 lineto stroke
-1 THsetalpha
 0 0 0.10417 0.04 setcmykcolor
newpath -146.92 169.6 moveto
-146.92 169.99785 -147.07806 170.37935 -147.35936 170.66064 curveto
-147.64066 170.94194 -148.02216 171.1 -148.42 171.1 curveto
-148.81784 171.1 -149.19934 170.94194 -149.48064 170.66064 curveto
-149.76193 170.37935 -149.92 169.99785 -149.92 169.6 curveto
-149.92 169.20216 -149.76193 168.82066 -149.48064 168.53937 curveto
-149.19934 168.25807 -148.81784 168.1 -148.42 168.1 curveto
-148.02216 168.1 -147.64066 168.25807 -147.35936 168.53937 curveto
-147.07806 168.82066 -146.92 169.20216 -146.92 169.6 curveto closepath fill
 0.1 0.88333 0 0.4 setcmykcolor
newpath -146.92 169.6 moveto
-146.92 169.99785 -147.07806 170.37935 -147.35936 170.66064 curveto
-147.64066 170.94194 -148.02216 171.1 -148.42 171.1 curveto
-148.81784 171.1 -149.19934 170.94194 -149.48064 170.66064 curveto
-149.76193 170.37935 -149.92 169.99785 -149.92 169.6 curveto
-149.92 169.20216 -149.76193 168.82066 -149.48064 168.53937 curveto
-149.19934 168.25807 -148.81784 168.1 -148.42 168.1 curveto
-148.02216 168.1 -147.64066 168.25807 -147.35936 168.53937 curveto
-147.07806 168.82066 -146.92 169.20216 -146.92 169.6 curveto closepath stroke
-1 THsetalpha
 0 0 0.10417 0.04 setcmykcolor
newpath -155.61 142.94 moveto
-155.61 143.33784 -155.76807 143.71935 -156.04936 144.00064 curveto
-156.33066 144.28194 -156.71216 144.44 -157.11 144.44 curveto
-157.50784 144.44 -157.88934 144.28194 -158.17064 144.00064 curveto
-158.45193 143.71935 -158.61 143.33784 -158.61 142.94 curveto
-158.61 142.54216 -158.45193 142.16066 -158.17064 141.87936 curveto
-157.88934 141.59807 -157.50784 141.44 -157.11 141.44 curveto
-156.71216 141.44 -156.33066 141.59807 -156.04936 141.87936 curveto
-155.76807 142.16066 -155.61 142.54216 -155.61 142.94 curveto closepath fill
 0.1 0.88333 0 0.4 setcmykcolor
newpath -155.61 142.94 moveto
-155.61 143.33784 -155.76807 143.71935 -156.04936 144.00064 curveto
-156.33066 144.28194 -156.71216 144.44 -157.11 144.44 curveto
-157.50784 144.44 -157.88934 144.28194 -158.17064 144.00064 curveto
-158.45193 143.71935 -158.61 143.33784 -158.61 142.94 curveto
-158.61 142.54216 -158.45193 142.16066 -158.17064 141.87936 curveto
-157.88934 141.59807 -157.50784 141.44 -157.11 141.44 curveto
-156.71216 141.44 -156.33066 141.59807 -156.04936 141.87936 curveto
-155.76807 142.16066 -155.61 142.54216 -155.61 142.94 curveto closepath stroke
-1 THsetalpha
 0 0 0.10417 0.04 setcmykcolor
newpath -163.96 120.79 moveto
-163.96 121.18784 -164.11807 121.56934 -164.39937 121.85063 curveto
-164.68066 122.13193 -165.06216 122.29 -165.46 122.29 curveto
-165.85785 122.29 -166.23935 122.13193 -166.52065 121.85063 curveto
-166.80194 121.56934 -166.96 121.18784 -166.96 120.79 curveto
-166.96 120.39215 -166.80194 120.01065 -166.52065 119.72935 curveto
-166.23935 119.44806 -165.85785 119.29 -165.46 119.29 curveto
-165.06216 119.29 -164.68066 119.44806 -164.39937 119.72935 curveto
-164.11807 120.01065 -163.96 120.39215 -163.96 120.79 curveto closepath fill
 0.1 0.88333 0 0.4 setcmykcolor
newpath -163.96 120.79 moveto
-163.96 121.18784 -164.11807 121.56934 -164.39937 121.85063 curveto
-164.68066 122.13193 -165.06216 122.29 -165.46 122.29 curveto
-165.85785 122.29 -166.23935 122.13193 -166.52065 121.85063 curveto
-166.80194 121.56934 -166.96 121.18784 -166.96 120.79 curveto
-166.96 120.39215 -166.80194 120.01065 -166.52065 119.72935 curveto
-166.23935 119.44806 -165.85785 119.29 -165.46 119.29 curveto
-165.06216 119.29 -164.68066 119.44806 -164.39937 119.72935 curveto
-164.11807 120.01065 -163.96 120.39215 -163.96 120.79 curveto closepath stroke
-1 THsetalpha
 0 0 0.10417 0.04 setcmykcolor
newpath -170.38 122.65 moveto
-170.38 123.04784 -170.53807 123.42934 -170.81937 123.71063 curveto
-171.10066 123.99193 -171.48216 124.15 -171.88 124.15 curveto
-172.27785 124.15 -172.65935 123.99193 -172.94064 123.71063 curveto
-173.22194 123.42934 -173.38 123.04784 -173.38 122.65 curveto
-173.38 122.25215 -173.22194 121.87065 -172.94064 121.58936 curveto
-172.65935 121.30806 -172.27785 121.15 -171.88 121.15 curveto
-171.48216 121.15 -171.10066 121.30806 -170.81937 121.58936 curveto
-170.53807 121.87065 -170.38 122.25215 -170.38 122.65 curveto closepath fill
 0.1 0.88333 0 0.4 setcmykcolor
newpath -170.38 122.65 moveto
-170.38 123.04784 -170.53807 123.42934 -170.81937 123.71063 curveto
-171.10066 123.99193 -171.48216 124.15 -171.88 124.15 curveto
-172.27785 124.15 -172.65935 123.99193 -172.94064 123.71063 curveto
-173.22194 123.42934 -173.38 123.04784 -173.38 122.65 curveto
-173.38 122.25215 -173.22194 121.87065 -172.94064 121.58936 curveto
-172.65935 121.30806 -172.27785 121.15 -171.88 121.15 curveto
-171.48216 121.15 -171.10066 121.30806 -170.81937 121.58936 curveto
-170.53807 121.87065 -170.38 122.25215 -170.38 122.65 curveto closepath stroke
-1 THsetalpha
 0 0 0.10417 0.04 setcmykcolor
newpath -150.56 113.52 moveto
-150.56 113.91785 -150.71806 114.29935 -150.99936 114.58064 curveto
-151.28065 114.86194 -151.66216 115.02 -152.06 115.02 curveto
-152.45784 115.02 -152.83934 114.86194 -153.12064 114.58064 curveto
-153.40193 114.29935 -153.56 113.91785 -153.56 113.52 curveto
-153.56 113.12216 -153.40193 112.74066 -153.12064 112.45937 curveto
-152.83934 112.17807 -152.45784 112.02 -152.06 112.02 curveto
-151.66216 112.02 -151.28065 112.17807 -150.99936 112.45937 curveto
-150.71806 112.74066 -150.56 113.12216 -150.56 113.52 curveto closepath fill
 0.1 0.88333 0 0.4 setcmykcolor
newpath -150.56 113.52 moveto
-150.56 113.91785 -150.71806 114.29935 -150.99936 114.58064 curveto
-151.28065 114.86194 -151.66216 115.02 -152.06 115.02 curveto
-152.45784 115.02 -152.83934 114.86194 -153.12064 114.58064 curveto
-153.40193 114.29935 -153.56 113.91785 -153.56 113.52 curveto
-153.56 113.12216 -153.40193 112.74066 -153.12064 112.45937 curveto
-152.83934 112.17807 -152.45784 112.02 -152.06 112.02 curveto
-151.66216 112.02 -151.28065 112.17807 -150.99936 112.45937 curveto
-150.71806 112.74066 -150.56 113.12216 -150.56 113.52 curveto closepath stroke
-1 THsetalpha
 0 0 0.10417 0.04 setcmykcolor
newpath -105.4 91.14 moveto
-105.4 91.53784 -105.55806 91.91934 -105.83936 92.20064 curveto
-106.12065 92.48193 -106.50215 92.64 -106.9 92.64 curveto
-107.29784 92.64 -107.67934 92.48193 -107.96063 92.20064 curveto
-108.24193 91.91934 -108.4 91.53784 -108.4 91.14 curveto
-108.4 90.74216 -108.24193 90.36066 -107.96063 90.07936 curveto
-107.67934 89.79807 -107.29784 89.64 -106.9 89.64 curveto
-106.50215 89.64 -106.12065 89.79807 -105.83936 90.07936 curveto
-105.55806 90.36066 -105.4 90.74216 -105.4 91.14 curveto closepath fill
 0.1 0.88333 0 0.4 setcmykcolor
newpath -105.4 91.14 moveto
-105.4 91.53784 -105.55806 91.91934 -105.83936 92.20064 curveto
-106.12065 92.48193 -106.50215 92.64 -106.9 92.64 curveto
-107.29784 92.64 -107.67934 92.48193 -107.96063 92.20064 curveto
-108.24193 91.91934 -108.4 91.53784 -108.4 91.14 curveto
-108.4 90.74216 -108.24193 90.36066 -107.96063 90.07936 curveto
-107.67934 89.79807 -107.29784 89.64 -106.9 89.64 curveto
-106.50215 89.64 -106.12065 89.79807 -105.83936 90.07936 curveto
-105.55806 90.36066 -105.4 90.74216 -105.4 91.14 curveto closepath stroke
-1 THsetalpha
 0 0 0.10417 0.04 setcmykcolor
newpath 16.17 112.01 moveto
16.17 112.40784 16.01193 112.78934 15.73064 113.07063 curveto
15.44934 113.35193 15.06784 113.51 14.67 113.51 curveto
14.27216 113.51 13.89066 113.35193 13.60936 113.07063 curveto
13.32806 112.78934 13.17 112.40784 13.17 112.01 curveto
13.17 111.61215 13.32806 111.23065 13.60936 110.94936 curveto
13.89066 110.66806 14.27216 110.51 14.67 110.51 curveto
15.06784 110.51 15.44934 110.66806 15.73064 110.94936 curveto
16.01193 111.23065 16.17 111.61215 16.17 112.01 curveto closepath fill
 0.1 0.88333 0 0.4 setcmykcolor
newpath 16.17 112.01 moveto
16.17 112.40784 16.01193 112.78934 15.73064 113.07063 curveto
15.44934 113.35193 15.06784 113.51 14.67 113.51 curveto
14.27216 113.51 13.89066 113.35193 13.60936 113.07063 curveto
13.32806 112.78934 13.17 112.40784 13.17 112.01 curveto
13.17 111.61215 13.32806 111.23065 13.60936 110.94936 curveto
13.89066 110.66806 14.27216 110.51 14.67 110.51 curveto
15.06784 110.51 15.44934 110.66806 15.73064 110.94936 curveto
16.01193 111.23065 16.17 111.61215 16.17 112.01 curveto closepath stroke
-1 THsetalpha
 0 0 0.10417 0.04 setcmykcolor
newpath 30.03 93.17 moveto
30.03 93.56784 29.87193 93.94934 29.59064 94.23064 curveto
29.30934 94.51193 28.92784 94.67 28.53 94.67 curveto
28.13216 94.67 27.75066 94.51193 27.46936 94.23064 curveto
27.18806 93.94934 27.03 93.56784 27.03 93.17 curveto
27.03 92.77216 27.18806 92.39066 27.46936 92.10936 curveto
27.75066 91.82806 28.13216 91.67 28.53 91.67 curveto
28.92784 91.67 29.30934 91.82806 29.59064 92.10936 curveto
29.87193 92.39066 30.03 92.77216 30.03 93.17 curveto closepath fill
 0.1 0.88333 0 0.4 setcmykcolor
newpath 30.03 93.17 moveto
30.03 93.56784 29.87193 93.94934 29.59064 94.23064 curveto
29.30934 94.51193 28.92784 94.67 28.53 94.67 curveto
28.13216 94.67 27.75066 94.51193 27.46936 94.23064 curveto
27.18806 93.94934 27.03 93.56784 27.03 93.17 curveto
27.03 92.77216 27.18806 92.39066 27.46936 92.10936 curveto
27.75066 91.82806 28.13216 91.67 28.53 91.67 curveto
28.92784 91.67 29.30934 91.82806 29.59064 92.10936 curveto
29.87193 92.39066 30.03 92.77216 30.03 93.17 curveto closepath stroke
-1 THsetalpha
 0 0 0.10417 0.04 setcmykcolor
newpath 50.68 65.1 moveto
50.68 65.49785 50.52193 65.87935 50.24063 66.16064 curveto
49.95934 66.44194 49.57784 66.6 49.18 66.6 curveto
48.78215 66.6 48.40065 66.44194 48.11935 66.16064 curveto
47.83806 65.87935 47.68 65.49785 47.68 65.1 curveto
47.68 64.70216 47.83806 64.32066 48.11935 64.03937 curveto
48.40065 63.75807 48.78215 63.6 49.18 63.6 curveto
49.57784 63.6 49.95934 63.75807 50.24063 64.03937 curveto
50.52193 64.32066 50.68 64.70216 50.68 65.1 curveto closepath fill
 0.1 0.88333 0 0.4 setcmykcolor
newpath 50.68 65.1 moveto
50.68 65.49785 50.52193 65.87935 50.24063 66.16064 curveto
49.95934 66.44194 49.57784 66.6 49.18 66.6 curveto
48.78215 66.6 48.40065 66.44194 48.11935 66.16064 curveto
47.83806 65.87935 47.68 65.49785 47.68 65.1 curveto
47.68 64.70216 47.83806 64.32066 48.11935 64.03937 curveto
48.40065 63.75807 48.78215 63.6 49.18 63.6 curveto
49.57784 63.6 49.95934 63.75807 50.24063 64.03937 curveto
50.52193 64.32066 50.68 64.70216 50.68 65.1 curveto closepath stroke
-1 THsetalpha
 0 0 0.10417 0.04 setcmykcolor
newpath 1.38 61.1 moveto
1.38 61.49785 1.22194 61.87935 0.94064 62.16064 curveto
0.65935 62.44194 0.27785 62.6 -0.12 62.6 curveto
-0.51784 62.6 -0.89934 62.44194 -1.18063 62.16064 curveto
-1.46193 61.87935 -1.62 61.49785 -1.62 61.1 curveto
-1.62 60.70216 -1.46193 60.32066 -1.18063 60.03937 curveto
-0.89934 59.75807 -0.51784 59.6 -0.12 59.6 curveto
0.27785 59.6 0.65935 59.75807 0.94064 60.03937 curveto
1.22194 60.32066 1.38 60.70216 1.38 61.1 curveto closepath fill
 0.1 0.88333 0 0.4 setcmykcolor
newpath 1.38 61.1 moveto
1.38 61.49785 1.22194 61.87935 0.94064 62.16064 curveto
0.65935 62.44194 0.27785 62.6 -0.12 62.6 curveto
-0.51784 62.6 -0.89934 62.44194 -1.18063 62.16064 curveto
-1.46193 61.87935 -1.62 61.49785 -1.62 61.1 curveto
-1.62 60.70216 -1.46193 60.32066 -1.18063 60.03937 curveto
-0.89934 59.75807 -0.51784 59.6 -0.12 59.6 curveto
0.27785 59.6 0.65935 59.75807 0.94064 60.03937 curveto
1.22194 60.32066 1.38 60.70216 1.38 61.1 curveto closepath stroke
-1 THsetalpha
 0 0 0.10417 0.04 setcmykcolor
newpath -46.51 -2.08 moveto
-46.51 -1.68216 -46.66806 -1.30066 -46.94936 -1.01936 curveto
-47.23065 -0.73807 -47.61215 -0.58 -48.01 -0.58 curveto
-48.40784 -0.58 -48.78934 -0.73807 -49.07063 -1.01936 curveto
-49.35193 -1.30066 -49.51 -1.68216 -49.51 -2.08 curveto
-49.51 -2.47784 -49.35193 -2.85934 -49.07063 -3.14064 curveto
-48.78934 -3.42194 -48.40784 -3.58 -48.01 -3.58 curveto
-47.61215 -3.58 -47.23065 -3.42194 -46.94936 -3.14064 curveto
-46.66806 -2.85934 -46.51 -2.47784 -46.51 -2.08 curveto closepath fill
 0.1 0.88333 0 0.4 setcmykcolor
newpath -46.51 -2.08 moveto
-46.51 -1.68216 -46.66806 -1.30066 -46.94936 -1.01936 curveto
-47.23065 -0.73807 -47.61215 -0.58 -48.01 -0.58 curveto
-48.40784 -0.58 -48.78934 -0.73807 -49.07063 -1.01936 curveto
-49.35193 -1.30066 -49.51 -1.68216 -49.51 -2.08 curveto
-49.51 -2.47784 -49.35193 -2.85934 -49.07063 -3.14064 curveto
-48.78934 -3.42194 -48.40784 -3.58 -48.01 -3.58 curveto
-47.61215 -3.58 -47.23065 -3.42194 -46.94936 -3.14064 curveto
-46.66806 -2.85934 -46.51 -2.47784 -46.51 -2.08 curveto closepath stroke
-1 THsetalpha
 0 0 0.10417 0.04 setcmykcolor
newpath 83.52 50.36 moveto
83.52 50.75784 83.36194 51.13934 83.08064 51.42064 curveto
82.79935 51.70193 82.41785 51.86 82.02 51.86 curveto
81.62216 51.86 81.24066 51.70193 80.95937 51.42064 curveto
80.67807 51.13934 80.52 50.75784 80.52 50.36 curveto
80.52 49.96216 80.67807 49.58066 80.95937 49.29936 curveto
81.24066 49.01807 81.62216 48.86 82.02 48.86 curveto
82.41785 48.86 82.79935 49.01807 83.08064 49.29936 curveto
83.36194 49.58066 83.52 49.96216 83.52 50.36 curveto closepath fill
 0.1 0.88333 0 0.4 setcmykcolor
newpath 83.52 50.36 moveto
83.52 50.75784 83.36194 51.13934 83.08064 51.42064 curveto
82.79935 51.70193 82.41785 51.86 82.02 51.86 curveto
81.62216 51.86 81.24066 51.70193 80.95937 51.42064 curveto
80.67807 51.13934 80.52 50.75784 80.52 50.36 curveto
80.52 49.96216 80.67807 49.58066 80.95937 49.29936 curveto
81.24066 49.01807 81.62216 48.86 82.02 48.86 curveto
82.41785 48.86 82.79935 49.01807 83.08064 49.29936 curveto
83.36194 49.58066 83.52 49.96216 83.52 50.36 curveto closepath stroke
-1 THsetalpha
 0 0 0.10417 0.04 setcmykcolor
newpath 71.14 54.86 moveto
71.14 55.25784 70.98193 55.63934 70.70064 55.92064 curveto
70.41934 56.20193 70.03784 56.36 69.64 56.36 curveto
69.24216 56.36 68.86066 56.20193 68.57936 55.92064 curveto
68.29807 55.63934 68.14 55.25784 68.14 54.86 curveto
68.14 54.46216 68.29807 54.08066 68.57936 53.79936 curveto
68.86066 53.51807 69.24216 53.36 69.64 53.36 curveto
70.03784 53.36 70.41934 53.51807 70.70064 53.79936 curveto
70.98193 54.08066 71.14 54.46216 71.14 54.86 curveto closepath fill
 0.1 0.88333 0 0.4 setcmykcolor
newpath 71.14 54.86 moveto
71.14 55.25784 70.98193 55.63934 70.70064 55.92064 curveto
70.41934 56.20193 70.03784 56.36 69.64 56.36 curveto
69.24216 56.36 68.86066 56.20193 68.57936 55.92064 curveto
68.29807 55.63934 68.14 55.25784 68.14 54.86 curveto
68.14 54.46216 68.29807 54.08066 68.57936 53.79936 curveto
68.86066 53.51807 69.24216 53.36 69.64 53.36 curveto
70.03784 53.36 70.41934 53.51807 70.70064 53.79936 curveto
70.98193 54.08066 71.14 54.46216 71.14 54.86 curveto closepath stroke
-1 THsetalpha
 0 0 0.10417 0.04 setcmykcolor
newpath 50.02 31.53 moveto
50.02 31.92784 49.86194 32.30934 49.58064 32.59064 curveto
49.29935 32.87193 48.91785 33.03 48.52 33.03 curveto
48.12216 33.03 47.74066 32.87193 47.45937 32.59064 curveto
47.17807 32.30934 47.02 31.92784 47.02 31.53 curveto
47.02 31.13216 47.17807 30.75066 47.45937 30.46936 curveto
47.74066 30.18806 48.12216 30.03 48.52 30.03 curveto
48.91785 30.03 49.29935 30.18806 49.58064 30.46936 curveto
49.86194 30.75066 50.02 31.13216 50.02 31.53 curveto closepath fill
 0.1 0.88333 0 0.4 setcmykcolor
newpath 50.02 31.53 moveto
50.02 31.92784 49.86194 32.30934 49.58064 32.59064 curveto
49.29935 32.87193 48.91785 33.03 48.52 33.03 curveto
48.12216 33.03 47.74066 32.87193 47.45937 32.59064 curveto
47.17807 32.30934 47.02 31.92784 47.02 31.53 curveto
47.02 31.13216 47.17807 30.75066 47.45937 30.46936 curveto
47.74066 30.18806 48.12216 30.03 48.52 30.03 curveto
48.91785 30.03 49.29935 30.18806 49.58064 30.46936 curveto
49.86194 30.75066 50.02 31.13216 50.02 31.53 curveto closepath stroke
-1 THsetalpha
 0 0 0.10417 0.04 setcmykcolor
newpath 39.4 22.28 moveto
39.4 22.67784 39.24193 23.05934 38.96063 23.34064 curveto
38.67934 23.62193 38.29784 23.78 37.9 23.78 curveto
37.50215 23.78 37.12065 23.62193 36.83936 23.34064 curveto
36.55806 23.05934 36.4 22.67784 36.4 22.28 curveto
36.4 21.88216 36.55806 21.50066 36.83936 21.21936 curveto
37.12065 20.93806 37.50215 20.78 37.9 20.78 curveto
38.29784 20.78 38.67934 20.93806 38.96063 21.21936 curveto
39.24193 21.50066 39.4 21.88216 39.4 22.28 curveto closepath fill
 0.1 0.88333 0 0.4 setcmykcolor
newpath 39.4 22.28 moveto
39.4 22.67784 39.24193 23.05934 38.96063 23.34064 curveto
38.67934 23.62193 38.29784 23.78 37.9 23.78 curveto
37.50215 23.78 37.12065 23.62193 36.83936 23.34064 curveto
36.55806 23.05934 36.4 22.67784 36.4 22.28 curveto
36.4 21.88216 36.55806 21.50066 36.83936 21.21936 curveto
37.12065 20.93806 37.50215 20.78 37.9 20.78 curveto
38.29784 20.78 38.67934 20.93806 38.96063 21.21936 curveto
39.24193 21.50066 39.4 21.88216 39.4 22.28 curveto closepath stroke
-1 THsetalpha
 0 0 0.10417 0.04 setcmykcolor
newpath 61.13 -4.04 moveto
61.13 -3.64215 60.97194 -3.26065 60.69064 -2.97935 curveto
60.40935 -2.69806 60.02785 -2.54 59.63 -2.54 curveto
59.23216 -2.54 58.85066 -2.69806 58.56937 -2.97935 curveto
58.28807 -3.26065 58.13 -3.64215 58.13 -4.04 curveto
58.13 -4.43784 58.28807 -4.81934 58.56937 -5.10063 curveto
58.85066 -5.38193 59.23216 -5.54 59.63 -5.54 curveto
60.02785 -5.54 60.40935 -5.38193 60.69064 -5.10063 curveto
60.97194 -4.81934 61.13 -4.43784 61.13 -4.04 curveto closepath fill
 0.1 0.88333 0 0.4 setcmykcolor
newpath 61.13 -4.04 moveto
61.13 -3.64215 60.97194 -3.26065 60.69064 -2.97935 curveto
60.40935 -2.69806 60.02785 -2.54 59.63 -2.54 curveto
59.23216 -2.54 58.85066 -2.69806 58.56937 -2.97935 curveto
58.28807 -3.26065 58.13 -3.64215 58.13 -4.04 curveto
58.13 -4.43784 58.28807 -4.81934 58.56937 -5.10063 curveto
58.85066 -5.38193 59.23216 -5.54 59.63 -5.54 curveto
60.02785 -5.54 60.40935 -5.38193 60.69064 -5.10063 curveto
60.97194 -4.81934 61.13 -4.43784 61.13 -4.04 curveto closepath stroke
-1 THsetalpha
 0 0 0.10417 0.04 setcmykcolor
newpath 69.44 -46.66 moveto
69.44 -46.26216 69.28194 -45.88066 69.00064 -45.59937 curveto
68.71935 -45.31807 68.33784 -45.16 67.94 -45.16 curveto
67.54216 -45.16 67.16066 -45.31807 66.87936 -45.59937 curveto
66.59807 -45.88066 66.44 -46.26216 66.44 -46.66 curveto
66.44 -47.05785 66.59807 -47.43935 66.87936 -47.72064 curveto
67.16066 -48.00194 67.54216 -48.16 67.94 -48.16 curveto
68.33784 -48.16 68.71935 -48.00194 69.00064 -47.72064 curveto
69.28194 -47.43935 69.44 -47.05785 69.44 -46.66 curveto closepath fill
 0.1 0.88333 0 0.4 setcmykcolor
newpath 69.44 -46.66 moveto
69.44 -46.26216 69.28194 -45.88066 69.00064 -45.59937 curveto
68.71935 -45.31807 68.33784 -45.16 67.94 -45.16 curveto
67.54216 -45.16 67.16066 -45.31807 66.87936 -45.59937 curveto
66.59807 -45.88066 66.44 -46.26216 66.44 -46.66 curveto
66.44 -47.05785 66.59807 -47.43935 66.87936 -47.72064 curveto
67.16066 -48.00194 67.54216 -48.16 67.94 -48.16 curveto
68.33784 -48.16 68.71935 -48.00194 69.00064 -47.72064 curveto
69.28194 -47.43935 69.44 -47.05785 69.44 -46.66 curveto closepath stroke
-1 THsetalpha
 0 0 0.10417 0.04 setcmykcolor
newpath 65.66 -75.53 moveto
65.66 -75.13216 65.50194 -74.75066 65.22064 -74.46936 curveto
64.93935 -74.18806 64.55785 -74.03 64.16 -74.03 curveto
63.76216 -74.03 63.38066 -74.18806 63.09937 -74.46936 curveto
62.81807 -74.75066 62.66 -75.13216 62.66 -75.53 curveto
62.66 -75.92784 62.81807 -76.30934 63.09937 -76.59064 curveto
63.38066 -76.87193 63.76216 -77.03 64.16 -77.03 curveto
64.55785 -77.03 64.93935 -76.87193 65.22064 -76.59064 curveto
65.50194 -76.30934 65.66 -75.92784 65.66 -75.53 curveto closepath fill
 0.1 0.88333 0 0.4 setcmykcolor
newpath 65.66 -75.53 moveto
65.66 -75.13216 65.50194 -74.75066 65.22064 -74.46936 curveto
64.93935 -74.18806 64.55785 -74.03 64.16 -74.03 curveto
63.76216 -74.03 63.38066 -74.18806 63.09937 -74.46936 curveto
62.81807 -74.75066 62.66 -75.13216 62.66 -75.53 curveto
62.66 -75.92784 62.81807 -76.30934 63.09937 -76.59064 curveto
63.38066 -76.87193 63.76216 -77.03 64.16 -77.03 curveto
64.55785 -77.03 64.93935 -76.87193 65.22064 -76.59064 curveto
65.50194 -76.30934 65.66 -75.92784 65.66 -75.53 curveto closepath stroke
-1 THsetalpha
 0 0 0.10417 0.04 setcmykcolor
newpath 100.2 -107.81 moveto
100.2 -107.41216 100.04193 -107.03065 99.76064 -106.74936 curveto
99.47934 -106.46806 99.09784 -106.31 98.7 -106.31 curveto
98.30215 -106.31 97.92065 -106.46806 97.63936 -106.74936 curveto
97.35806 -107.03065 97.2 -107.41216 97.2 -107.81 curveto
97.2 -108.20784 97.35806 -108.58934 97.63936 -108.87064 curveto
97.92065 -109.15193 98.30215 -109.31 98.7 -109.31 curveto
99.09784 -109.31 99.47934 -109.15193 99.76064 -108.87064 curveto
100.04193 -108.58934 100.2 -108.20784 100.2 -107.81 curveto closepath fill
 0.1 0.88333 0 0.4 setcmykcolor
newpath 100.2 -107.81 moveto
100.2 -107.41216 100.04193 -107.03065 99.76064 -106.74936 curveto
99.47934 -106.46806 99.09784 -106.31 98.7 -106.31 curveto
98.30215 -106.31 97.92065 -106.46806 97.63936 -106.74936 curveto
97.35806 -107.03065 97.2 -107.41216 97.2 -107.81 curveto
97.2 -108.20784 97.35806 -108.58934 97.63936 -108.87064 curveto
97.92065 -109.15193 98.30215 -109.31 98.7 -109.31 curveto
99.09784 -109.31 99.47934 -109.15193 99.76064 -108.87064 curveto
100.04193 -108.58934 100.2 -108.20784 100.2 -107.81 curveto closepath stroke
-1 THsetalpha
 0 0 0.10417 0.04 setcmykcolor
newpath 143.41 -128.29 moveto
143.41 -127.89215 143.25194 -127.51065 142.97064 -127.22935 curveto
142.68935 -126.94806 142.30785 -126.79 141.91 -126.79 curveto
141.51216 -126.79 141.13066 -126.94806 140.84937 -127.22935 curveto
140.56807 -127.51065 140.41 -127.89215 140.41 -128.29 curveto
140.41 -128.68784 140.56807 -129.06934 140.84937 -129.35063 curveto
141.13066 -129.63193 141.51216 -129.79 141.91 -129.79 curveto
142.30785 -129.79 142.68935 -129.63193 142.97064 -129.35063 curveto
143.25194 -129.06934 143.41 -128.68784 143.41 -128.29 curveto closepath fill
 0.1 0.88333 0 0.4 setcmykcolor
newpath 143.41 -128.29 moveto
143.41 -127.89215 143.25194 -127.51065 142.97064 -127.22935 curveto
142.68935 -126.94806 142.30785 -126.79 141.91 -126.79 curveto
141.51216 -126.79 141.13066 -126.94806 140.84937 -127.22935 curveto
140.56807 -127.51065 140.41 -127.89215 140.41 -128.29 curveto
140.41 -128.68784 140.56807 -129.06934 140.84937 -129.35063 curveto
141.13066 -129.63193 141.51216 -129.79 141.91 -129.79 curveto
142.30785 -129.79 142.68935 -129.63193 142.97064 -129.35063 curveto
143.25194 -129.06934 143.41 -128.68784 143.41 -128.29 curveto closepath stroke
-1 THsetalpha
 0 0 0.10417 0.04 setcmykcolor
newpath 108.13 -188.03 moveto
108.13 -187.63216 107.97194 -187.25066 107.69064 -186.96936 curveto
107.40935 -186.68806 107.02785 -186.53 106.63 -186.53 curveto
106.23216 -186.53 105.85066 -186.68806 105.56937 -186.96936 curveto
105.28807 -187.25066 105.13 -187.63216 105.13 -188.03 curveto
105.13 -188.42784 105.28807 -188.80934 105.56937 -189.09064 curveto
105.85066 -189.37193 106.23216 -189.53 106.63 -189.53 curveto
107.02785 -189.53 107.40935 -189.37193 107.69064 -189.09064 curveto
107.97194 -188.80934 108.13 -188.42784 108.13 -188.03 curveto closepath fill
 0.1 0.88333 0 0.4 setcmykcolor
newpath 108.13 -188.03 moveto
108.13 -187.63216 107.97194 -187.25066 107.69064 -186.96936 curveto
107.40935 -186.68806 107.02785 -186.53 106.63 -186.53 curveto
106.23216 -186.53 105.85066 -186.68806 105.56937 -186.96936 curveto
105.28807 -187.25066 105.13 -187.63216 105.13 -188.03 curveto
105.13 -188.42784 105.28807 -188.80934 105.56937 -189.09064 curveto
105.85066 -189.37193 106.23216 -189.53 106.63 -189.53 curveto
107.02785 -189.53 107.40935 -189.37193 107.69064 -189.09064 curveto
107.97194 -188.80934 108.13 -188.42784 108.13 -188.03 curveto closepath stroke
-1 THsetalpha
 0 0 0.10417 0.04 setcmykcolor
newpath 108.18 -208.73 moveto
108.18 -208.33215 108.02193 -207.95065 107.74063 -207.66936 curveto
107.45934 -207.38806 107.07784 -207.23 106.68 -207.23 curveto
106.28215 -207.23 105.90065 -207.38806 105.61935 -207.66936 curveto
105.33806 -207.95065 105.18 -208.33215 105.18 -208.73 curveto
105.18 -209.12784 105.33806 -209.50934 105.61935 -209.79063 curveto
105.90065 -210.07193 106.28215 -210.23 106.68 -210.23 curveto
107.07784 -210.23 107.45934 -210.07193 107.74063 -209.79063 curveto
108.02193 -209.50934 108.18 -209.12784 108.18 -208.73 curveto closepath fill
 0.1 0.88333 0 0.4 setcmykcolor
newpath 108.18 -208.73 moveto
108.18 -208.33215 108.02193 -207.95065 107.74063 -207.66936 curveto
107.45934 -207.38806 107.07784 -207.23 106.68 -207.23 curveto
106.28215 -207.23 105.90065 -207.38806 105.61935 -207.66936 curveto
105.33806 -207.95065 105.18 -208.33215 105.18 -208.73 curveto
105.18 -209.12784 105.33806 -209.50934 105.61935 -209.79063 curveto
105.90065 -210.07193 106.28215 -210.23 106.68 -210.23 curveto
107.07784 -210.23 107.45934 -210.07193 107.74063 -209.79063 curveto
108.02193 -209.50934 108.18 -209.12784 108.18 -208.73 curveto closepath stroke
-1 THsetalpha
 0 0 0.10417 0.04 setcmykcolor
newpath 109.04 -224.42 moveto
109.04 -224.02216 108.88193 -223.64066 108.60063 -223.35936 curveto
108.31934 -223.07806 107.93784 -222.92 107.54 -222.92 curveto
107.14215 -222.92 106.76065 -223.07806 106.47935 -223.35936 curveto
106.19806 -223.64066 106.04 -224.02216 106.04 -224.42 curveto
106.04 -224.81784 106.19806 -225.19934 106.47935 -225.48064 curveto
106.76065 -225.76193 107.14215 -225.92 107.54 -225.92 curveto
107.93784 -225.92 108.31934 -225.76193 108.60063 -225.48064 curveto
108.88193 -225.19934 109.04 -224.81784 109.04 -224.42 curveto closepath fill
 0.1 0.88333 0 0.4 setcmykcolor
newpath 109.04 -224.42 moveto
109.04 -224.02216 108.88193 -223.64066 108.60063 -223.35936 curveto
108.31934 -223.07806 107.93784 -222.92 107.54 -222.92 curveto
107.14215 -222.92 106.76065 -223.07806 106.47935 -223.35936 curveto
106.19806 -223.64066 106.04 -224.02216 106.04 -224.42 curveto
106.04 -224.81784 106.19806 -225.19934 106.47935 -225.48064 curveto
106.76065 -225.76193 107.14215 -225.92 107.54 -225.92 curveto
107.93784 -225.92 108.31934 -225.76193 108.60063 -225.48064 curveto
108.88193 -225.19934 109.04 -224.81784 109.04 -224.42 curveto closepath stroke
-1 THsetalpha
 0 0 0.10417 0.04 setcmykcolor
newpath 204.22 -63.21 moveto
204.22 -62.81216 204.06194 -62.43066 203.78064 -62.14937 curveto
203.49934 -61.86807 203.11784 -61.71 202.72 -61.71 curveto
202.32216 -61.71 201.94066 -61.86807 201.65936 -62.14937 curveto
201.37807 -62.43066 201.22 -62.81216 201.22 -63.21 curveto
201.22 -63.60785 201.37807 -63.98935 201.65936 -64.27065 curveto
201.94066 -64.55194 202.32216 -64.71 202.72 -64.71 curveto
203.11784 -64.71 203.49934 -64.55194 203.78064 -64.27065 curveto
204.06194 -63.98935 204.22 -63.60785 204.22 -63.21 curveto closepath fill
 0.1 0.88333 0 0.4 setcmykcolor
newpath 204.22 -63.21 moveto
204.22 -62.81216 204.06194 -62.43066 203.78064 -62.14937 curveto
203.49934 -61.86807 203.11784 -61.71 202.72 -61.71 curveto
202.32216 -61.71 201.94066 -61.86807 201.65936 -62.14937 curveto
201.37807 -62.43066 201.22 -62.81216 201.22 -63.21 curveto
201.22 -63.60785 201.37807 -63.98935 201.65936 -64.27065 curveto
201.94066 -64.55194 202.32216 -64.71 202.72 -64.71 curveto
203.11784 -64.71 203.49934 -64.55194 203.78064 -64.27065 curveto
204.06194 -63.98935 204.22 -63.60785 204.22 -63.21 curveto closepath stroke
showpage
%%EOF
