%!PS
%%BoundingBox: -398 -99 398 94 
%%HiResBoundingBox: -398 -98.50487 397.99 93.89517 
%%Creator: MetaPost 2.02
%%CreationDate: 2023.12.12:1531
%%Pages: 1
%%BeginProlog
%%EndProlog
%%Page: 1 1
 0 0 0 1 setcmykcolor 0 1.2 dtransform truncate idtransform setlinewidth pop
 [] 0 setdash 1 setlinecap 1 setlinejoin 10 setmiterlimit
newpath 346.11 93.08 moveto
341.48 94.88 314.94 85.11 314.42 74.09 curveto
313.74 59.48 294.63 55 288.97 54.15 curveto
283.3 53.3 285.67 55.89 282.21 58.99 curveto
278.75 62.08 272.92 67.53 268.81 67.09 curveto
264.7 66.64 253.69 60 241.65 53.68 curveto
229.43 47.27 217.72 41.7 211 37.53 curveto
191.72 25.56 176.04 6.49 174.42 6.08 curveto
172.81 5.68 137.66 -25.27 131.28 -28.74 curveto
125.84 -31.71 53.9 -46.61 43.34 -51.29 curveto
32.73 -55.99 2.12 -48.95 2.12 -48.95 curveto
2.12 -48.95 -56.41 -51.62 -65.89 -52.31 curveto
-75.39 -53 -156.33 -56.06 -165.3 -55.38 curveto
-174.33 -54.68 -231.23 -64.12 -241.07 -65.02 curveto
-251.17 -65.95 -343.65 -62.96 -376.02 -82.25 curveto stroke
newpath -376.02 -82.25 moveto
-376.02 -82.25 -379.55 -85.53 -397.4 -81.44 curveto stroke
newpath -397.13 -90.15 moveto
-360.81 -93.68 -328.45 -94.23 -322.75 -97.21 curveto
-317.66 -99.87 -251.06 -94.01 -247.7 -94.37 curveto
-244.34 -94.73 -164.39 -79.72 -162.12 -79.83 curveto
-159.85 -79.94 -156.42 -75.84 -153.99 -73.7 curveto stroke
newpath -150.08 -67.07 moveto
-148.99 -63.63 lineto
-148.99 -63.63 -74.33 -64.76 -65.93 -63.57 curveto
-59.77 -62.7 0.29 -54.28 2.56 -54.16 curveto
4.82 -54.04 31.71 -58.64 37.58 -58.68 curveto
43.65 -58.72 106.77 -39.74 107.47 -39.35 curveto
108.18 -38.95 128.07 -37.1 131.6 -35.66 curveto
143.87 -30.65 170.17 -12.32 180.51 -4.13 curveto
190.8 4.03 221.12 18.61 222.84 21.67 curveto
224.57 24.74 245.13 46.32 245.13 46.32 curveto
245.13 46.32 267.64 60.57 270.77 60.2 curveto
273.91 59.82 283.88 46.29 284.99 46.01 curveto
286.1 45.73 321.63 55.07 324.86 56.72 curveto
328.09 58.36 360.65 74.56 369.01 73.1 curveto stroke
 0 0.6 dtransform truncate idtransform setlinewidth pop
 [1.5 1.5 ] 0 setdash
newpath 396.31 84.45 moveto
395.18 84.27 369.14 80.75 369.14 80.75 curveto stroke
newpath 369.01 73.1 moveto
370.6 73.48 397.69 75.6 397.69 75.6 curveto stroke
 0.83 0.54 0 0 setcmykcolor 0 0.42001
 dtransform truncate idtransform setlinewidth pop [] 0 setdash
newpath 321.93 90.4 moveto
324.65334 90.51108 326.36728 87.41452 325.2566 84.53676 curveto
324.23708 81.89517 325.85086 78.97939 328.58322 78.67351 curveto
331.17348 78.38353 330.72049 74.90662 331.90987 72.81027 curveto
331.91 72.81 lineto stroke
newpath 329.33781 75.87341 moveto
330.17336 74.91383 330.90283 73.59494 331.90977 72.81021 curveto
331.91 72.81 lineto
331.90999 72.8103 lineto
331.7529 74.07721 332.1697 75.52562 332.25743 76.79495 curveto
 closepath stroke
newpath 329.33781 75.87341 moveto
330.17336 74.91383 330.90283 73.59494 331.90977 72.81021 curveto
331.91 72.81 lineto
331.90999 72.8103 lineto
331.7529 74.07721 332.1697 75.52562 332.25743 76.79495 curveto
 closepath fill
newpath -292.31 -79.6 moveto
-291.78294 -77.00594 -288.19986 -77.81223 -285.1225 -79.62001 curveto
-282.95212 -80.895 -280.29568 -80.56276 -277.93498 -79.64001 curveto
-275.48543 -78.68253 -272.69379 -77.99696 -270.74748 -79.65999 curveto
-268.7728 -81.34726 -266.0588 -79.67305 -263.56 -79.68 curveto
-263.56 -79.68 lineto stroke
newpath -266.96019 -81.7869 moveto
-265.84863 -81.11456 -264.76471 -80.1751 -263.56 -79.68 curveto
-263.56 -79.68 lineto
-263.56 -79.68 lineto
-264.76193 -79.1782 -266.19269 -79.07602 -267.45409 -78.76544 curveto
 closepath stroke
newpath -266.96019 -81.7869 moveto
-265.84863 -81.11456 -264.76471 -80.1751 -263.56 -79.68 curveto
-263.56 -79.68 lineto
-263.56 -79.68 lineto
-264.76193 -79.1782 -266.19269 -79.07602 -267.45409 -78.76544 curveto
 closepath fill
 0 0 0 1 setcmykcolor 0 1.2 dtransform truncate idtransform setlinewidth pop
newpath 369.14 80.75 moveto
353.17 75.64 363.28 90.03 346.11 93.08 curveto stroke
 0 0.6 dtransform truncate idtransform setlinewidth pop
newpath 77.80276 -28.25528 moveto
56.37775 -30.99979 lineto stroke
newpath 73.33179 -26.40842 moveto
74.13492 -27.96448 76.01653 -28.48409 77.80276 -28.25528 curveto stroke
newpath 73.94165 -31.16946 moveto
74.32666 -29.46121 76.01653 -28.48409 77.80276 -28.25528 curveto stroke
newpath 56.37775 -30.99979 moveto
54.30215 -33.68524 lineto stroke
newpath 58.75826 -30.69484 moveto
56.68268 -33.38031 lineto stroke
newpath 61.13878 -30.38991 moveto
59.06319 -33.07536 lineto stroke
newpath 63.51929 -30.08496 moveto
61.44371 -32.77043 lineto stroke
newpath 65.89981 -29.78003 moveto
63.82422 -32.46548 lineto stroke
newpath -6.51686 -37.13951 moveto
-6.09262 -37.56375 -5.45625 -36.92738 -5.8805 -36.50314 curveto
-8.6382 -33.74544 lineto
-7.68356 -32.79082 lineto
-9.16853 -31.30586 lineto
-11.71414 -33.85147 lineto
-10.22919 -35.33644 lineto
-9.27457 -34.3818 lineto
 closepath fill
-1 THsetalpha
 0 0 0.10417 0.04 setcmykcolor
newpath 326.06 58.61 moveto
326.06 59.00784 325.90193 59.38934 325.62064 59.67064 curveto
325.33934 59.95193 324.95784 60.11 324.56 60.11 curveto
324.16216 60.11 323.78065 59.95193 323.49936 59.67064 curveto
323.21806 59.38934 323.06 59.00784 323.06 58.61 curveto
323.06 58.21216 323.21806 57.83066 323.49936 57.54936 curveto
323.78065 57.26807 324.16216 57.11 324.56 57.11 curveto
324.95784 57.11 325.33934 57.26807 325.62064 57.54936 curveto
325.90193 57.83066 326.06 58.21216 326.06 58.61 curveto closepath fill
 0.1 0.88333 0 0.4 setcmykcolor
newpath 326.06 58.61 moveto
326.06 59.00784 325.90193 59.38934 325.62064 59.67064 curveto
325.33934 59.95193 324.95784 60.11 324.56 60.11 curveto
324.16216 60.11 323.78065 59.95193 323.49936 59.67064 curveto
323.21806 59.38934 323.06 59.00784 323.06 58.61 curveto
323.06 58.21216 323.21806 57.83066 323.49936 57.54936 curveto
323.78065 57.26807 324.16216 57.11 324.56 57.11 curveto
324.95784 57.11 325.33934 57.26807 325.62064 57.54936 curveto
325.90193 57.83066 326.06 58.21216 326.06 58.61 curveto closepath stroke
-1 THsetalpha
 0 0 0.10417 0.04 setcmykcolor
newpath 286.7 47.3 moveto
286.7 47.69785 286.54193 48.07935 286.26064 48.36064 curveto
285.97934 48.64194 285.59784 48.8 285.2 48.8 curveto
284.80215 48.8 284.42065 48.64194 284.13936 48.36064 curveto
283.85806 48.07935 283.7 47.69785 283.7 47.3 curveto
283.7 46.90216 283.85806 46.52066 284.13936 46.23936 curveto
284.42065 45.95807 284.80215 45.8 285.2 45.8 curveto
285.59784 45.8 285.97934 45.95807 286.26064 46.23936 curveto
286.54193 46.52066 286.7 46.90216 286.7 47.3 curveto closepath fill
 0.1 0.88333 0 0.4 setcmykcolor
newpath 286.7 47.3 moveto
286.7 47.69785 286.54193 48.07935 286.26064 48.36064 curveto
285.97934 48.64194 285.59784 48.8 285.2 48.8 curveto
284.80215 48.8 284.42065 48.64194 284.13936 48.36064 curveto
283.85806 48.07935 283.7 47.69785 283.7 47.3 curveto
283.7 46.90216 283.85806 46.52066 284.13936 46.23936 curveto
284.42065 45.95807 284.80215 45.8 285.2 45.8 curveto
285.59784 45.8 285.97934 45.95807 286.26064 46.23936 curveto
286.54193 46.52066 286.7 46.90216 286.7 47.3 curveto closepath stroke
-1 THsetalpha
 0 0 0.10417 0.04 setcmykcolor
newpath 270.31 67.09 moveto
270.31 67.48784 270.15193 67.86934 269.87064 68.15063 curveto
269.58934 68.43193 269.20784 68.59 268.81 68.59 curveto
268.41216 68.59 268.03065 68.43193 267.74936 68.15063 curveto
267.46806 67.86934 267.31 67.48784 267.31 67.09 curveto
267.31 66.69215 267.46806 66.31065 267.74936 66.02936 curveto
268.03065 65.74806 268.41216 65.59 268.81 65.59 curveto
269.20784 65.59 269.58934 65.74806 269.87064 66.02936 curveto
270.15193 66.31065 270.31 66.69215 270.31 67.09 curveto closepath fill
 0.1 0.88333 0 0.4 setcmykcolor
newpath 270.31 67.09 moveto
270.31 67.48784 270.15193 67.86934 269.87064 68.15063 curveto
269.58934 68.43193 269.20784 68.59 268.81 68.59 curveto
268.41216 68.59 268.03065 68.43193 267.74936 68.15063 curveto
267.46806 67.86934 267.31 67.48784 267.31 67.09 curveto
267.31 66.69215 267.46806 66.31065 267.74936 66.02936 curveto
268.03065 65.74806 268.41216 65.59 268.81 65.59 curveto
269.20784 65.59 269.58934 65.74806 269.87064 66.02936 curveto
270.15193 66.31065 270.31 66.69215 270.31 67.09 curveto closepath stroke
-1 THsetalpha
 0 0 0.10417 0.04 setcmykcolor
newpath 213.49 36.95 moveto
213.49 37.34784 213.33194 37.72934 213.05064 38.01064 curveto
212.76935 38.29193 212.38785 38.45 211.99 38.45 curveto
211.59216 38.45 211.21066 38.29193 210.92937 38.01064 curveto
210.64807 37.72934 210.49 37.34784 210.49 36.95 curveto
210.49 36.55215 210.64807 36.17065 210.92937 35.88936 curveto
211.21066 35.60806 211.59216 35.45 211.99 35.45 curveto
212.38785 35.45 212.76935 35.60806 213.05064 35.88936 curveto
213.33194 36.17065 213.49 36.55215 213.49 36.95 curveto closepath fill
 0.1 0.88333 0 0.4 setcmykcolor
newpath 213.49 36.95 moveto
213.49 37.34784 213.33194 37.72934 213.05064 38.01064 curveto
212.76935 38.29193 212.38785 38.45 211.99 38.45 curveto
211.59216 38.45 211.21066 38.29193 210.92937 38.01064 curveto
210.64807 37.72934 210.49 37.34784 210.49 36.95 curveto
210.49 36.55215 210.64807 36.17065 210.92937 35.88936 curveto
211.21066 35.60806 211.59216 35.45 211.99 35.45 curveto
212.38785 35.45 212.76935 35.60806 213.05064 35.88936 curveto
213.33194 36.17065 213.49 36.55215 213.49 36.95 curveto closepath stroke
-1 THsetalpha
 0 0 0.10417 0.04 setcmykcolor
newpath 182.01 -4.13 moveto
182.01 -3.73216 181.85193 -3.35066 181.57063 -3.06937 curveto
181.28934 -2.78807 180.90784 -2.63 180.51 -2.63 curveto
180.11215 -2.63 179.73065 -2.78807 179.44936 -3.06937 curveto
179.16806 -3.35066 179.01 -3.73216 179.01 -4.13 curveto
179.01 -4.52785 179.16806 -4.90935 179.44936 -5.19064 curveto
179.73065 -5.47194 180.11215 -5.63 180.51 -5.63 curveto
180.90784 -5.63 181.28934 -5.47194 181.57063 -5.19064 curveto
181.85193 -4.90935 182.01 -4.52785 182.01 -4.13 curveto closepath fill
 0.1 0.88333 0 0.4 setcmykcolor
newpath 182.01 -4.13 moveto
182.01 -3.73216 181.85193 -3.35066 181.57063 -3.06937 curveto
181.28934 -2.78807 180.90784 -2.63 180.51 -2.63 curveto
180.11215 -2.63 179.73065 -2.78807 179.44936 -3.06937 curveto
179.16806 -3.35066 179.01 -3.73216 179.01 -4.13 curveto
179.01 -4.52785 179.16806 -4.90935 179.44936 -5.19064 curveto
179.73065 -5.47194 180.11215 -5.63 180.51 -5.63 curveto
180.90784 -5.63 181.28934 -5.47194 181.57063 -5.19064 curveto
181.85193 -4.90935 182.01 -4.52785 182.01 -4.13 curveto closepath stroke
-1 THsetalpha
 0 0 0.10417 0.04 setcmykcolor
newpath 132.52 -34.03 moveto
132.52 -33.63216 132.36194 -33.25066 132.08064 -32.96936 curveto
131.79935 -32.68806 131.41785 -32.53 131.02 -32.53 curveto
130.62216 -32.53 130.24066 -32.68806 129.95937 -32.96936 curveto
129.67807 -33.25066 129.52 -33.63216 129.52 -34.03 curveto
129.52 -34.42784 129.67807 -34.80934 129.95937 -35.09064 curveto
130.24066 -35.37193 130.62216 -35.53 131.02 -35.53 curveto
131.41785 -35.53 131.79935 -35.37193 132.08064 -35.09064 curveto
132.36194 -34.80934 132.52 -34.42784 132.52 -34.03 curveto closepath fill
 0.1 0.88333 0 0.4 setcmykcolor
newpath 132.52 -34.03 moveto
132.52 -33.63216 132.36194 -33.25066 132.08064 -32.96936 curveto
131.79935 -32.68806 131.41785 -32.53 131.02 -32.53 curveto
130.62216 -32.53 130.24066 -32.68806 129.95937 -32.96936 curveto
129.67807 -33.25066 129.52 -33.63216 129.52 -34.03 curveto
129.52 -34.42784 129.67807 -34.80934 129.95937 -35.09064 curveto
130.24066 -35.37193 130.62216 -35.53 131.02 -35.53 curveto
131.41785 -35.53 131.79935 -35.37193 132.08064 -35.09064 curveto
132.36194 -34.80934 132.52 -34.42784 132.52 -34.03 curveto closepath stroke
-1 THsetalpha
 0 0 0.10417 0.04 setcmykcolor
newpath 108 -34.39 moveto
108 -33.99216 107.84193 -33.61066 107.56064 -33.32936 curveto
107.27934 -33.04807 106.89784 -32.89 106.5 -32.89 curveto
106.10216 -32.89 105.72066 -33.04807 105.43936 -33.32936 curveto
105.15807 -33.61066 105 -33.99216 105 -34.39 curveto
105 -34.78784 105.15807 -35.16934 105.43936 -35.45064 curveto
105.72066 -35.73193 106.10216 -35.89 106.5 -35.89 curveto
106.89784 -35.89 107.27934 -35.73193 107.56064 -35.45064 curveto
107.84193 -35.16934 108 -34.78784 108 -34.39 curveto closepath fill
 0.1 0.88333 0 0.4 setcmykcolor
newpath 108 -34.39 moveto
108 -33.99216 107.84193 -33.61066 107.56064 -33.32936 curveto
107.27934 -33.04807 106.89784 -32.89 106.5 -32.89 curveto
106.10216 -32.89 105.72066 -33.04807 105.43936 -33.32936 curveto
105.15807 -33.61066 105 -33.99216 105 -34.39 curveto
105 -34.78784 105.15807 -35.16934 105.43936 -35.45064 curveto
105.72066 -35.73193 106.10216 -35.89 106.5 -35.89 curveto
106.89784 -35.89 107.27934 -35.73193 107.56064 -35.45064 curveto
107.84193 -35.16934 108 -34.78784 108 -34.39 curveto closepath stroke
-1 THsetalpha
 0 0 0.10417 0.04 setcmykcolor
newpath 42.23 -54.8 moveto
42.23 -54.40216 42.07193 -54.02066 41.79063 -53.73936 curveto
41.50934 -53.45807 41.12784 -53.3 40.73 -53.3 curveto
40.33215 -53.3 39.95065 -53.45807 39.66936 -53.73936 curveto
39.38806 -54.02066 39.23 -54.40216 39.23 -54.8 curveto
39.23 -55.19785 39.38806 -55.57935 39.66936 -55.86064 curveto
39.95065 -56.14194 40.33215 -56.3 40.73 -56.3 curveto
41.12784 -56.3 41.50934 -56.14194 41.79063 -55.86064 curveto
42.07193 -55.57935 42.23 -55.19785 42.23 -54.8 curveto closepath fill
 0.1 0.88333 0 0.4 setcmykcolor
newpath 42.23 -54.8 moveto
42.23 -54.40216 42.07193 -54.02066 41.79063 -53.73936 curveto
41.50934 -53.45807 41.12784 -53.3 40.73 -53.3 curveto
40.33215 -53.3 39.95065 -53.45807 39.66936 -53.73936 curveto
39.38806 -54.02066 39.23 -54.40216 39.23 -54.8 curveto
39.23 -55.19785 39.38806 -55.57935 39.66936 -55.86064 curveto
39.95065 -56.14194 40.33215 -56.3 40.73 -56.3 curveto
41.12784 -56.3 41.50934 -56.14194 41.79063 -55.86064 curveto
42.07193 -55.57935 42.23 -55.19785 42.23 -54.8 curveto closepath stroke
-1 THsetalpha
 0 0 0.10417 0.04 setcmykcolor
newpath 2.7 -51.02 moveto
2.7 -50.62216 2.54193 -50.24066 2.26064 -49.95937 curveto
1.97934 -49.67807 1.59784 -49.52 1.2 -49.52 curveto
0.80215 -49.52 0.42065 -49.67807 0.13936 -49.95937 curveto
-0.14194 -50.24066 -0.3 -50.62216 -0.3 -51.02 curveto
-0.3 -51.41785 -0.14194 -51.79935 0.13936 -52.08064 curveto
0.42065 -52.36194 0.80215 -52.52 1.2 -52.52 curveto
1.59784 -52.52 1.97934 -52.36194 2.26064 -52.08064 curveto
2.54193 -51.79935 2.7 -51.41785 2.7 -51.02 curveto closepath fill
 0.1 0.88333 0 0.4 setcmykcolor
newpath 2.7 -51.02 moveto
2.7 -50.62216 2.54193 -50.24066 2.26064 -49.95937 curveto
1.97934 -49.67807 1.59784 -49.52 1.2 -49.52 curveto
0.80215 -49.52 0.42065 -49.67807 0.13936 -49.95937 curveto
-0.14194 -50.24066 -0.3 -50.62216 -0.3 -51.02 curveto
-0.3 -51.41785 -0.14194 -51.79935 0.13936 -52.08064 curveto
0.42065 -52.36194 0.80215 -52.52 1.2 -52.52 curveto
1.59784 -52.52 1.97934 -52.36194 2.26064 -52.08064 curveto
2.54193 -51.79935 2.7 -51.41785 2.7 -51.02 curveto closepath stroke
-1 THsetalpha
 0 0 0.10417 0.04 setcmykcolor
newpath -65.24 -62.32 moveto
-65.24 -61.92216 -65.39807 -61.54066 -65.67937 -61.25937 curveto
-65.96066 -60.97807 -66.34216 -60.82 -66.74 -60.82 curveto
-67.13785 -60.82 -67.51935 -60.97807 -67.80064 -61.25937 curveto
-68.08194 -61.54066 -68.24 -61.92216 -68.24 -62.32 curveto
-68.24 -62.71785 -68.08194 -63.09935 -67.80064 -63.38065 curveto
-67.51935 -63.66194 -67.13785 -63.82 -66.74 -63.82 curveto
-66.34216 -63.82 -65.96066 -63.66194 -65.67937 -63.38065 curveto
-65.39807 -63.09935 -65.24 -62.71785 -65.24 -62.32 curveto closepath fill
 0.1 0.88333 0 0.4 setcmykcolor
newpath -65.24 -62.32 moveto
-65.24 -61.92216 -65.39807 -61.54066 -65.67937 -61.25937 curveto
-65.96066 -60.97807 -66.34216 -60.82 -66.74 -60.82 curveto
-67.13785 -60.82 -67.51935 -60.97807 -67.80064 -61.25937 curveto
-68.08194 -61.54066 -68.24 -61.92216 -68.24 -62.32 curveto
-68.24 -62.71785 -68.08194 -63.09935 -67.80064 -63.38065 curveto
-67.51935 -63.66194 -67.13785 -63.82 -66.74 -63.82 curveto
-66.34216 -63.82 -65.96066 -63.66194 -65.67937 -63.38065 curveto
-65.39807 -63.09935 -65.24 -62.71785 -65.24 -62.32 curveto closepath stroke
-1 THsetalpha
 0 0 0.10417 0.04 setcmykcolor
newpath -153.16 -61.3 moveto
-153.16 -60.90216 -153.31807 -60.52066 -153.59937 -60.23936 curveto
-153.88066 -59.95807 -154.26216 -59.8 -154.66 -59.8 curveto
-155.05785 -59.8 -155.43935 -59.95807 -155.72064 -60.23936 curveto
-156.00194 -60.52066 -156.16 -60.90216 -156.16 -61.3 curveto
-156.16 -61.69785 -156.00194 -62.07935 -155.72064 -62.36064 curveto
-155.43935 -62.64194 -155.05785 -62.8 -154.66 -62.8 curveto
-154.26216 -62.8 -153.88066 -62.64194 -153.59937 -62.36064 curveto
-153.31807 -62.07935 -153.16 -61.69785 -153.16 -61.3 curveto closepath fill
 0.1 0.88333 0 0.4 setcmykcolor
newpath -153.16 -61.3 moveto
-153.16 -60.90216 -153.31807 -60.52066 -153.59937 -60.23936 curveto
-153.88066 -59.95807 -154.26216 -59.8 -154.66 -59.8 curveto
-155.05785 -59.8 -155.43935 -59.95807 -155.72064 -60.23936 curveto
-156.00194 -60.52066 -156.16 -60.90216 -156.16 -61.3 curveto
-156.16 -61.69785 -156.00194 -62.07935 -155.72064 -62.36064 curveto
-155.43935 -62.64194 -155.05785 -62.8 -154.66 -62.8 curveto
-154.26216 -62.8 -153.88066 -62.64194 -153.59937 -62.36064 curveto
-153.31807 -62.07935 -153.16 -61.69785 -153.16 -61.3 curveto closepath stroke
-1 THsetalpha
 0 0 0.10417 0.04 setcmykcolor
newpath -165.85 -72.55 moveto
-165.85 -72.15216 -166.00807 -71.77066 -166.28937 -71.48936 curveto
-166.57066 -71.20807 -166.95216 -71.05 -167.35 -71.05 curveto
-167.74785 -71.05 -168.12935 -71.20807 -168.41064 -71.48936 curveto
-168.69194 -71.77066 -168.85 -72.15216 -168.85 -72.55 curveto
-168.85 -72.94785 -168.69194 -73.32935 -168.41064 -73.61064 curveto
-168.12935 -73.89194 -167.74785 -74.05 -167.35 -74.05 curveto
-166.95216 -74.05 -166.57066 -73.89194 -166.28937 -73.61064 curveto
-166.00807 -73.32935 -165.85 -72.94785 -165.85 -72.55 curveto closepath fill
 0.1 0.88333 0 0.4 setcmykcolor
newpath -165.85 -72.55 moveto
-165.85 -72.15216 -166.00807 -71.77066 -166.28937 -71.48936 curveto
-166.57066 -71.20807 -166.95216 -71.05 -167.35 -71.05 curveto
-167.74785 -71.05 -168.12935 -71.20807 -168.41064 -71.48936 curveto
-168.69194 -71.77066 -168.85 -72.15216 -168.85 -72.55 curveto
-168.85 -72.94785 -168.69194 -73.32935 -168.41064 -73.61064 curveto
-168.12935 -73.89194 -167.74785 -74.05 -167.35 -74.05 curveto
-166.95216 -74.05 -166.57066 -73.89194 -166.28937 -73.61064 curveto
-166.00807 -73.32935 -165.85 -72.94785 -165.85 -72.55 curveto closepath stroke
-1 THsetalpha
 0 0 0.10417 0.04 setcmykcolor
newpath -180.75 -65.94 moveto
-180.75 -65.54216 -180.90807 -65.16066 -181.18936 -64.87936 curveto
-181.47066 -64.59807 -181.85216 -64.44 -182.25 -64.44 curveto
-182.64784 -64.44 -183.02934 -64.59807 -183.31064 -64.87936 curveto
-183.59193 -65.16066 -183.75 -65.54216 -183.75 -65.94 curveto
-183.75 -66.33784 -183.59193 -66.71935 -183.31064 -67.00064 curveto
-183.02934 -67.28194 -182.64784 -67.44 -182.25 -67.44 curveto
-181.85216 -67.44 -181.47066 -67.28194 -181.18936 -67.00064 curveto
-180.90807 -66.71935 -180.75 -66.33784 -180.75 -65.94 curveto closepath fill
 0.1 0.88333 0 0.4 setcmykcolor
newpath -180.75 -65.94 moveto
-180.75 -65.54216 -180.90807 -65.16066 -181.18936 -64.87936 curveto
-181.47066 -64.59807 -181.85216 -64.44 -182.25 -64.44 curveto
-182.64784 -64.44 -183.02934 -64.59807 -183.31064 -64.87936 curveto
-183.59193 -65.16066 -183.75 -65.54216 -183.75 -65.94 curveto
-183.75 -66.33784 -183.59193 -66.71935 -183.31064 -67.00064 curveto
-183.02934 -67.28194 -182.64784 -67.44 -182.25 -67.44 curveto
-181.85216 -67.44 -181.47066 -67.28194 -181.18936 -67.00064 curveto
-180.90807 -66.71935 -180.75 -66.33784 -180.75 -65.94 curveto closepath stroke
-1 THsetalpha
 0 0 0.10417 0.04 setcmykcolor
newpath -241.24 -65.62 moveto
-241.24 -65.22215 -241.39807 -64.84065 -241.67937 -64.55936 curveto
-241.96066 -64.27806 -242.34216 -64.12 -242.74 -64.12 curveto
-243.13785 -64.12 -243.51935 -64.27806 -243.80064 -64.55936 curveto
-244.08194 -64.84065 -244.24 -65.22215 -244.24 -65.62 curveto
-244.24 -66.01784 -244.08194 -66.39934 -243.80064 -66.68063 curveto
-243.51935 -66.96193 -243.13785 -67.12 -242.74 -67.12 curveto
-242.34216 -67.12 -241.96066 -66.96193 -241.67937 -66.68063 curveto
-241.39807 -66.39934 -241.24 -66.01784 -241.24 -65.62 curveto closepath fill
 0.1 0.88333 0 0.4 setcmykcolor
newpath -241.24 -65.62 moveto
-241.24 -65.22215 -241.39807 -64.84065 -241.67937 -64.55936 curveto
-241.96066 -64.27806 -242.34216 -64.12 -242.74 -64.12 curveto
-243.13785 -64.12 -243.51935 -64.27806 -243.80064 -64.55936 curveto
-244.08194 -64.84065 -244.24 -65.22215 -244.24 -65.62 curveto
-244.24 -66.01784 -244.08194 -66.39934 -243.80064 -66.68063 curveto
-243.51935 -66.96193 -243.13785 -67.12 -242.74 -67.12 curveto
-242.34216 -67.12 -241.96066 -66.96193 -241.67937 -66.68063 curveto
-241.39807 -66.39934 -241.24 -66.01784 -241.24 -65.62 curveto closepath stroke
-1 THsetalpha
 0 0 0.10417 0.04 setcmykcolor
newpath -264.98 -85.04 moveto
-264.98 -84.64215 -265.13806 -84.26065 -265.41936 -83.97935 curveto
-265.70065 -83.69806 -266.08215 -83.54 -266.48 -83.54 curveto
-266.87784 -83.54 -267.25934 -83.69806 -267.54063 -83.97935 curveto
-267.82193 -84.26065 -267.98 -84.64215 -267.98 -85.04 curveto
-267.98 -85.43784 -267.82193 -85.81934 -267.54063 -86.10063 curveto
-267.25934 -86.38193 -266.87784 -86.54 -266.48 -86.54 curveto
-266.08215 -86.54 -265.70065 -86.38193 -265.41936 -86.10063 curveto
-265.13806 -85.81934 -264.98 -85.43784 -264.98 -85.04 curveto closepath fill
 0.1 0.88333 0 0.4 setcmykcolor
newpath -264.98 -85.04 moveto
-264.98 -84.64215 -265.13806 -84.26065 -265.41936 -83.97935 curveto
-265.70065 -83.69806 -266.08215 -83.54 -266.48 -83.54 curveto
-266.87784 -83.54 -267.25934 -83.69806 -267.54063 -83.97935 curveto
-267.82193 -84.26065 -267.98 -84.64215 -267.98 -85.04 curveto
-267.98 -85.43784 -267.82193 -85.81934 -267.54063 -86.10063 curveto
-267.25934 -86.38193 -266.87784 -86.54 -266.48 -86.54 curveto
-266.08215 -86.54 -265.70065 -86.38193 -265.41936 -86.10063 curveto
-265.13806 -85.81934 -264.98 -85.43784 -264.98 -85.04 curveto closepath stroke
-1 THsetalpha
 0 0 0.10417 0.04 setcmykcolor
newpath -298.7 -91.74 moveto
-298.7 -91.34216 -298.85806 -90.96066 -299.13936 -90.67937 curveto
-299.42065 -90.39807 -299.80215 -90.24 -300.2 -90.24 curveto
-300.59784 -90.24 -300.97934 -90.39807 -301.26064 -90.67937 curveto
-301.54193 -90.96066 -301.7 -91.34216 -301.7 -91.74 curveto
-301.7 -92.13785 -301.54193 -92.51935 -301.26064 -92.80064 curveto
-300.97934 -93.08194 -300.59784 -93.24 -300.2 -93.24 curveto
-299.80215 -93.24 -299.42065 -93.08194 -299.13936 -92.80064 curveto
-298.85806 -92.51935 -298.7 -92.13785 -298.7 -91.74 curveto closepath fill
 0.1 0.88333 0 0.4 setcmykcolor
newpath -298.7 -91.74 moveto
-298.7 -91.34216 -298.85806 -90.96066 -299.13936 -90.67937 curveto
-299.42065 -90.39807 -299.80215 -90.24 -300.2 -90.24 curveto
-300.59784 -90.24 -300.97934 -90.39807 -301.26064 -90.67937 curveto
-301.54193 -90.96066 -301.7 -91.34216 -301.7 -91.74 curveto
-301.7 -92.13785 -301.54193 -92.51935 -301.26064 -92.80064 curveto
-300.97934 -93.08194 -300.59784 -93.24 -300.2 -93.24 curveto
-299.80215 -93.24 -299.42065 -93.08194 -299.13936 -92.80064 curveto
-298.85806 -92.51935 -298.7 -92.13785 -298.7 -91.74 curveto closepath stroke
-1 THsetalpha
 0 0 0.10417 0.04 setcmykcolor
newpath -150.11 -66.1 moveto
-150.11 -65.70216 -150.26807 -65.32066 -150.54936 -65.03937 curveto
-150.83066 -64.75807 -151.21216 -64.6 -151.61 -64.6 curveto
-152.00784 -64.6 -152.38934 -64.75807 -152.67064 -65.03937 curveto
-152.95193 -65.32066 -153.11 -65.70216 -153.11 -66.1 curveto
-153.11 -66.49785 -152.95193 -66.87935 -152.67064 -67.16064 curveto
-152.38934 -67.44194 -152.00784 -67.6 -151.61 -67.6 curveto
-151.21216 -67.6 -150.83066 -67.44194 -150.54936 -67.16064 curveto
-150.26807 -66.87935 -150.11 -66.49785 -150.11 -66.1 curveto closepath fill
 0.1 0.88333 0 0.4 setcmykcolor
newpath -150.11 -66.1 moveto
-150.11 -65.70216 -150.26807 -65.32066 -150.54936 -65.03937 curveto
-150.83066 -64.75807 -151.21216 -64.6 -151.61 -64.6 curveto
-152.00784 -64.6 -152.38934 -64.75807 -152.67064 -65.03937 curveto
-152.95193 -65.32066 -153.11 -65.70216 -153.11 -66.1 curveto
-153.11 -66.49785 -152.95193 -66.87935 -152.67064 -67.16064 curveto
-152.38934 -67.44194 -152.00784 -67.6 -151.61 -67.6 curveto
-151.21216 -67.6 -150.83066 -67.44194 -150.54936 -67.16064 curveto
-150.26807 -66.87935 -150.11 -66.49785 -150.11 -66.1 curveto closepath stroke
showpage
%%EOF
