%!PS
%%BoundingBox: -160 -110 158 117 
%%HiResBoundingBox: -159.49889 -109.74281 157.18509 116.80339 
%%Creator: MetaPost 2.02
%%CreationDate: 2023.12.12:1531
%%Pages: 1
%%BeginProlog
%%EndProlog
%%Page: 1 1
 0 0 0 1 setcmykcolor 0 1.2 dtransform truncate idtransform setlinewidth pop
 [] 0 setdash 1 setlinejoin 10 setmiterlimit
newpath -44.5 -109.13 moveto
-40.38 -109.69 -2.23 -91.7 3.33 -88.36 curveto
8.89 -85.02 15.95 -73.1 20.47 -53.68 curveto
25 -34.25 57.96 -15.68 66 -15.53 curveto
74.08 -15.37 81.7 -14.2 87.09 -18.3 curveto
92.49 -22.4 124.08 -38.91 132.87 -41.03 curveto
141.64 -43.15 154.42 -29.4 156.04 -23.33 curveto
157.66 -17.25 155.27 -1.69 154.05 2.56 curveto
152.83 6.81 132.31 28.86 129.09 30.3 curveto
125.86 31.75 102.74 38.51 94.6 39.41 curveto
86.49 40.31 33.51 54.08 31.61 55.6 curveto
29.72 57.12 9.24 66.86 5.51 67.57 curveto
1.77 68.29 -23.63 83.93 -28.4 85.96 curveto
-33.17 87.98 -37.38 97.91 -40.8 101.86 curveto
-44.21 105.8 -67.38 115.01 -72.4 115.61 curveto
-77.42 116.21 -94.69 116.67 -97.46 115.36 curveto
-100.22 114.05 -108.66 114.81 -111.18 107.18 curveto
-113.7 99.55 -97.66 84.56 -94.94 81.18 curveto
-92.21 77.81 -72.39 62.63 -65.83 60.34 curveto
-59.27 58.04 -20.3 55.12 -17.69 57.15 curveto
-15.07 59.19 -5.08 60.88 -1.7 56.03 curveto
1.67 51.2 -5.87 4.82 -8.94 0.47 curveto
-12.01 -3.87 -29 -34.19 -35.28 -37.32 curveto
-41.56 -40.45 -53.07 -36.83 -56.33 -33.8 curveto
-59.6 -30.76 -92.95 -20.54 -99.75 -15.89 curveto
-106.56 -11.25 -147.64 -26.94 -152.91 -31.73 curveto
-158.18 -36.52 -155.78 -46.71 -158.19 -55.6 curveto
-160.59 -64.48 -156.33 -80.7 -153.82 -88.39 curveto
-151.31 -96.07 -132.26 -107.78 -124.74 -108.5 curveto
-117.22 -109.22 -96.2 -91.15 -94.31 -89.26 curveto
-92.42 -87.37 -75.1 -86.23 -71.22 -88.04 curveto
-67.35 -89.84 -48.61 -108.58 -44.5 -109.13 curveto closepath stroke
 0.83 0.54 0 0 setcmykcolor 0 0.42001
 dtransform truncate idtransform setlinewidth pop 1 setlinecap
newpath -112.83 114.11 moveto
-110.63414 115.29663 -108.00372 113.55888 -107.35501 110.8325 curveto
-106.74916 108.28627 -104.22638 106.66934 -101.87997 107.555 curveto
-99.67477 108.38734 -97.51343 106.59001 -96.40498 104.2775 curveto
-95.43375 102.25124 -92.81053 102.12573 -90.93 101 curveto
-90.93 101 lineto stroke
newpath -94.92966 101.04913 moveto
-93.64644 100.94852 -92.2334 101.19258 -90.93 101 curveto
-90.93 101 lineto
-90.93 101 lineto
-91.71545 102.05785 -92.88719 102.88446 -93.72339 103.86298 curveto
 closepath stroke
newpath -94.92966 101.04913 moveto
-93.64644 100.94852 -92.2334 101.19258 -90.93 101 curveto
-90.93 101 lineto
-90.93 101 lineto
-91.71545 102.05785 -92.88719 102.88446 -93.72339 103.86298 curveto
 closepath fill
 0 0 0 1 setcmykcolor 0 0.84 dtransform truncate idtransform setlinewidth pop
 [0 2.5 ] 1.25 setdash
newpath 132.86 -9.56 moveto
134.8 -23.47 lineto stroke
 0 0.6 dtransform truncate idtransform setlinewidth pop [] 0 setdash
newpath 132.08585 -12.69702 moveto
132.86 -9.56 lineto
134.46298 -12.36548 lineto stroke
newpath 135.57416 -20.33298 moveto
134.8 -23.47 lineto
133.19702 -20.66452 lineto stroke
-1 THsetalpha
 0 0 0.10417 0.04 setcmykcolor
newpath 127.98 -3.92 moveto
127.98 -3.52216 127.82193 -3.14066 127.54063 -2.85936 curveto
127.25934 -2.57806 126.87784 -2.42 126.48 -2.42 curveto
126.08215 -2.42 125.70065 -2.57806 125.41936 -2.85936 curveto
125.13806 -3.14066 124.98 -3.52216 124.98 -3.92 curveto
124.98 -4.31784 125.13806 -4.69934 125.41936 -4.98064 curveto
125.70065 -5.26193 126.08215 -5.42 126.48 -5.42 curveto
126.87784 -5.42 127.25934 -5.26193 127.54063 -4.98064 curveto
127.82193 -4.69934 127.98 -4.31784 127.98 -3.92 curveto closepath fill
 0.1 0.88333 0 0.4 setcmykcolor
newpath 127.98 -3.92 moveto
127.98 -3.52216 127.82193 -3.14066 127.54063 -2.85936 curveto
127.25934 -2.57806 126.87784 -2.42 126.48 -2.42 curveto
126.08215 -2.42 125.70065 -2.57806 125.41936 -2.85936 curveto
125.13806 -3.14066 124.98 -3.52216 124.98 -3.92 curveto
124.98 -4.31784 125.13806 -4.69934 125.41936 -4.98064 curveto
125.70065 -5.26193 126.08215 -5.42 126.48 -5.42 curveto
126.87784 -5.42 127.25934 -5.26193 127.54063 -4.98064 curveto
127.82193 -4.69934 127.98 -4.31784 127.98 -3.92 curveto closepath stroke
-1 THsetalpha
 0 0 0.10417 0.04 setcmykcolor
newpath -15.56 -71.51 moveto
-15.56 -71.11215 -15.71806 -70.73065 -15.99936 -70.44936 curveto
-16.28065 -70.16806 -16.66216 -70.01 -17.06 -70.01 curveto
-17.45784 -70.01 -17.83934 -70.16806 -18.12064 -70.44936 curveto
-18.40193 -70.73065 -18.56 -71.11215 -18.56 -71.51 curveto
-18.56 -71.90784 -18.40193 -72.28934 -18.12064 -72.57063 curveto
-17.83934 -72.85193 -17.45784 -73.01 -17.06 -73.01 curveto
-16.66216 -73.01 -16.28065 -72.85193 -15.99936 -72.57063 curveto
-15.71806 -72.28934 -15.56 -71.90784 -15.56 -71.51 curveto closepath fill
 0.1 0.88333 0 0.4 setcmykcolor
newpath -15.56 -71.51 moveto
-15.56 -71.11215 -15.71806 -70.73065 -15.99936 -70.44936 curveto
-16.28065 -70.16806 -16.66216 -70.01 -17.06 -70.01 curveto
-17.45784 -70.01 -17.83934 -70.16806 -18.12064 -70.44936 curveto
-18.40193 -70.73065 -18.56 -71.11215 -18.56 -71.51 curveto
-18.56 -71.90784 -18.40193 -72.28934 -18.12064 -72.57063 curveto
-17.83934 -72.85193 -17.45784 -73.01 -17.06 -73.01 curveto
-16.66216 -73.01 -16.28065 -72.85193 -15.99936 -72.57063 curveto
-15.71806 -72.28934 -15.56 -71.90784 -15.56 -71.51 curveto closepath stroke
-1 THsetalpha
 0 0 0.10417 0.04 setcmykcolor
newpath 15.53 -55.89 moveto
15.53 -55.49216 15.37193 -55.11066 15.09064 -54.82936 curveto
14.80934 -54.54807 14.42784 -54.39 14.03 -54.39 curveto
13.63216 -54.39 13.25066 -54.54807 12.96936 -54.82936 curveto
12.68806 -55.11066 12.53 -55.49216 12.53 -55.89 curveto
12.53 -56.28784 12.68806 -56.66934 12.96936 -56.95064 curveto
13.25066 -57.23193 13.63216 -57.39 14.03 -57.39 curveto
14.42784 -57.39 14.80934 -57.23193 15.09064 -56.95064 curveto
15.37193 -56.66934 15.53 -56.28784 15.53 -55.89 curveto closepath fill
 0.1 0.88333 0 0.4 setcmykcolor
newpath 15.53 -55.89 moveto
15.53 -55.49216 15.37193 -55.11066 15.09064 -54.82936 curveto
14.80934 -54.54807 14.42784 -54.39 14.03 -54.39 curveto
13.63216 -54.39 13.25066 -54.54807 12.96936 -54.82936 curveto
12.68806 -55.11066 12.53 -55.49216 12.53 -55.89 curveto
12.53 -56.28784 12.68806 -56.66934 12.96936 -56.95064 curveto
13.25066 -57.23193 13.63216 -57.39 14.03 -57.39 curveto
14.42784 -57.39 14.80934 -57.23193 15.09064 -56.95064 curveto
15.37193 -56.66934 15.53 -56.28784 15.53 -55.89 curveto closepath stroke
-1 THsetalpha
 0 0 0.10417 0.04 setcmykcolor
newpath 12.47 5.02 moveto
12.47 5.41785 12.31194 5.79935 12.03064 6.08064 curveto
11.74934 6.36194 11.36784 6.52 10.97 6.52 curveto
10.57216 6.52 10.19066 6.36194 9.90936 6.08064 curveto
9.62807 5.79935 9.47 5.41785 9.47 5.02 curveto
9.47 4.62216 9.62807 4.24066 9.90936 3.95937 curveto
10.19066 3.67807 10.57216 3.52 10.97 3.52 curveto
11.36784 3.52 11.74934 3.67807 12.03064 3.95937 curveto
12.31194 4.24066 12.47 4.62216 12.47 5.02 curveto closepath fill
 0.1 0.88333 0 0.4 setcmykcolor
newpath 12.47 5.02 moveto
12.47 5.41785 12.31194 5.79935 12.03064 6.08064 curveto
11.74934 6.36194 11.36784 6.52 10.97 6.52 curveto
10.57216 6.52 10.19066 6.36194 9.90936 6.08064 curveto
9.62807 5.79935 9.47 5.41785 9.47 5.02 curveto
9.47 4.62216 9.62807 4.24066 9.90936 3.95937 curveto
10.19066 3.67807 10.57216 3.52 10.97 3.52 curveto
11.36784 3.52 11.74934 3.67807 12.03064 3.95937 curveto
12.31194 4.24066 12.47 4.62216 12.47 5.02 curveto closepath stroke
-1 THsetalpha
 0 0 0.10417 0.04 setcmykcolor
newpath 73.63 0.19 moveto
73.63 0.58784 73.47194 0.96935 73.19064 1.25064 curveto
72.90935 1.53194 72.52785 1.69 72.13 1.69 curveto
71.73216 1.69 71.35066 1.53194 71.06937 1.25064 curveto
70.78807 0.96935 70.63 0.58784 70.63 0.19 curveto
70.63 -0.20784 70.78807 -0.58934 71.06937 -0.87064 curveto
71.35066 -1.15193 71.73216 -1.31 72.13 -1.31 curveto
72.52785 -1.31 72.90935 -1.15193 73.19064 -0.87064 curveto
73.47194 -0.58934 73.63 -0.20784 73.63 0.19 curveto closepath fill
 0.1 0.88333 0 0.4 setcmykcolor
newpath 73.63 0.19 moveto
73.63 0.58784 73.47194 0.96935 73.19064 1.25064 curveto
72.90935 1.53194 72.52785 1.69 72.13 1.69 curveto
71.73216 1.69 71.35066 1.53194 71.06937 1.25064 curveto
70.78807 0.96935 70.63 0.58784 70.63 0.19 curveto
70.63 -0.20784 70.78807 -0.58934 71.06937 -0.87064 curveto
71.35066 -1.15193 71.73216 -1.31 72.13 -1.31 curveto
72.52785 -1.31 72.90935 -1.15193 73.19064 -0.87064 curveto
73.47194 -0.58934 73.63 -0.20784 73.63 0.19 curveto closepath stroke
-1 THsetalpha
 0 0 0.10417 0.04 setcmykcolor
newpath -0.82 59.61 moveto
-0.82 60.00784 -0.97807 60.38934 -1.25937 60.67064 curveto
-1.54066 60.95193 -1.92216 61.11 -2.32 61.11 curveto
-2.71785 61.11 -3.09935 60.95193 -3.38065 60.67064 curveto
-3.66194 60.38934 -3.82 60.00784 -3.82 59.61 curveto
-3.82 59.21216 -3.66194 58.83066 -3.38065 58.54936 curveto
-3.09935 58.26807 -2.71785 58.11 -2.32 58.11 curveto
-1.92216 58.11 -1.54066 58.26807 -1.25937 58.54936 curveto
-0.97807 58.83066 -0.82 59.21216 -0.82 59.61 curveto closepath fill
 0.1 0.88333 0 0.4 setcmykcolor
newpath -0.82 59.61 moveto
-0.82 60.00784 -0.97807 60.38934 -1.25937 60.67064 curveto
-1.54066 60.95193 -1.92216 61.11 -2.32 61.11 curveto
-2.71785 61.11 -3.09935 60.95193 -3.38065 60.67064 curveto
-3.66194 60.38934 -3.82 60.00784 -3.82 59.61 curveto
-3.82 59.21216 -3.66194 58.83066 -3.38065 58.54936 curveto
-3.09935 58.26807 -2.71785 58.11 -2.32 58.11 curveto
-1.92216 58.11 -1.54066 58.26807 -1.25937 58.54936 curveto
-0.97807 58.83066 -0.82 59.21216 -0.82 59.61 curveto closepath stroke
-1 THsetalpha
 0 0 0.10417 0.04 setcmykcolor
newpath 6.56 64.77 moveto
6.56 65.16785 6.40193 65.54935 6.12064 65.83064 curveto
5.83934 66.11194 5.45784 66.27 5.06 66.27 curveto
4.66216 66.27 4.28065 66.11194 3.99936 65.83064 curveto
3.71806 65.54935 3.56 65.16785 3.56 64.77 curveto
3.56 64.37216 3.71806 63.99066 3.99936 63.70937 curveto
4.28065 63.42807 4.66216 63.27 5.06 63.27 curveto
5.45784 63.27 5.83934 63.42807 6.12064 63.70937 curveto
6.40193 63.99066 6.56 64.37216 6.56 64.77 curveto closepath fill
 0.1 0.88333 0 0.4 setcmykcolor
newpath 6.56 64.77 moveto
6.56 65.16785 6.40193 65.54935 6.12064 65.83064 curveto
5.83934 66.11194 5.45784 66.27 5.06 66.27 curveto
4.66216 66.27 4.28065 66.11194 3.99936 65.83064 curveto
3.71806 65.54935 3.56 65.16785 3.56 64.77 curveto
3.56 64.37216 3.71806 63.99066 3.99936 63.70937 curveto
4.28065 63.42807 4.66216 63.27 5.06 63.27 curveto
5.45784 63.27 5.83934 63.42807 6.12064 63.70937 curveto
6.40193 63.99066 6.56 64.37216 6.56 64.77 curveto closepath stroke
-1 THsetalpha
 0 0 0.10417 0.04 setcmykcolor
newpath -25.33 76.22 moveto
-25.33 76.61784 -25.48807 76.99934 -25.76936 77.28064 curveto
-26.05066 77.56194 -26.43216 77.72 -26.83 77.72 curveto
-27.22784 77.72 -27.60934 77.56194 -27.89064 77.28064 curveto
-28.17194 76.99934 -28.33 76.61784 -28.33 76.22 curveto
-28.33 75.82216 -28.17194 75.44066 -27.89064 75.15936 curveto
-27.60934 74.87807 -27.22784 74.72 -26.83 74.72 curveto
-26.43216 74.72 -26.05066 74.87807 -25.76936 75.15936 curveto
-25.48807 75.44066 -25.33 75.82216 -25.33 76.22 curveto closepath fill
 0.1 0.88333 0 0.4 setcmykcolor
newpath -25.33 76.22 moveto
-25.33 76.61784 -25.48807 76.99934 -25.76936 77.28064 curveto
-26.05066 77.56194 -26.43216 77.72 -26.83 77.72 curveto
-27.22784 77.72 -27.60934 77.56194 -27.89064 77.28064 curveto
-28.17194 76.99934 -28.33 76.61784 -28.33 76.22 curveto
-28.33 75.82216 -28.17194 75.44066 -27.89064 75.15936 curveto
-27.60934 74.87807 -27.22784 74.72 -26.83 74.72 curveto
-26.43216 74.72 -26.05066 74.87807 -25.76936 75.15936 curveto
-25.48807 75.44066 -25.33 75.82216 -25.33 76.22 curveto closepath stroke
-1 THsetalpha
 0 0 0.10417 0.04 setcmykcolor
newpath -83.14 96.82 moveto
-83.14 97.21785 -83.29807 97.59935 -83.57936 97.88065 curveto
-83.86066 98.16194 -84.24216 98.32 -84.64 98.32 curveto
-85.03784 98.32 -85.41934 98.16194 -85.70064 97.88065 curveto
-85.98193 97.59935 -86.14 97.21785 -86.14 96.82 curveto
-86.14 96.42216 -85.98193 96.04066 -85.70064 95.75937 curveto
-85.41934 95.47807 -85.03784 95.32 -84.64 95.32 curveto
-84.24216 95.32 -83.86066 95.47807 -83.57936 95.75937 curveto
-83.29807 96.04066 -83.14 96.42216 -83.14 96.82 curveto closepath fill
 0.1 0.88333 0 0.4 setcmykcolor
newpath -83.14 96.82 moveto
-83.14 97.21785 -83.29807 97.59935 -83.57936 97.88065 curveto
-83.86066 98.16194 -84.24216 98.32 -84.64 98.32 curveto
-85.03784 98.32 -85.41934 98.16194 -85.70064 97.88065 curveto
-85.98193 97.59935 -86.14 97.21785 -86.14 96.82 curveto
-86.14 96.42216 -85.98193 96.04066 -85.70064 95.75937 curveto
-85.41934 95.47807 -85.03784 95.32 -84.64 95.32 curveto
-84.24216 95.32 -83.86066 95.47807 -83.57936 95.75937 curveto
-83.29807 96.04066 -83.14 96.42216 -83.14 96.82 curveto closepath stroke
showpage
%%EOF
