%!PS
%%BoundingBox: -224 -172 206 195 
%%HiResBoundingBox: -223.81813 -171.37001 205.87001 194.5 
%%Creator: MetaPost 2.02
%%CreationDate: 2023.12.12:1531
%%Pages: 1
%%BeginProlog
%%EndProlog
%%Page: 1 1
 0 0 0 1 setcmykcolor 0 1.2 dtransform truncate idtransform setlinewidth pop
 [] 0 setdash 1 setlinecap 1 setlinejoin 10 setmiterlimit
newpath 59.84 149.65 moveto
59.84 149.65 70.66 138.16 65.89 119.41 curveto
63.96 111.84 38.95 44.07 47.84 -11.75 curveto
54.72 -54.89 32.47 -76.39 25.56 -89.59 curveto
19.42 -101.3 -1.93 -120.06 -37.99 -119.34 curveto
-64.08 -118.82 -85.9 -90.28 -57.5 -63.75 curveto
-37.73 -45.27 -69.09 -24.5 -64.6 -13 curveto
-57.32 5.67 -82.5 3.58 -99.98 5.5 curveto
-142.52 10.16 -125.82 -3.44 -151.89 -12.13 curveto
-152.56 -12.35 -189.91 -45.24 -203.49 -85.35 curveto
-209.92 -104.34 -180.28 -147.71 -167.02 -133.88 curveto
-144.31 -110.17 -115.48 -154.57 -83.52 -159.36 curveto
-53.1 -163.91 -11.75 -161.09 3.3 -152.1 curveto
9.76 -148.24 39.43 -135.74 48.28 -124.43 curveto
57.14 -113.12 88.54 -71.98 94.47 -41.17 curveto
100.39 -10.36 79.66 47.36 96.33 81.27 curveto
99.53 87.79 108.36 117.21 109.35 118.96 curveto
110.33 120.72 113.53 146.01 112.19 160.48 curveto
110.84 174.95 104.05 179.1 110.15 193.9 curveto stroke
 0 0.6 dtransform truncate idtransform setlinewidth pop
newpath 205.57 95.79 moveto
126.93 133.68 lineto stroke
newpath 129.11172 131.29668 moveto
126.93 133.68 lineto
130.15353 133.45891 lineto stroke
newpath -52.95 -136.22 moveto
-52.95 -136.22 0.87 -136.44 32.06 -109.71 curveto stroke
newpath 27.2014 -111.34497 moveto
32.06 -109.71 lineto
29.47438 -114.13647 lineto
 closepath fill
newpath 27.2014 -111.34497 moveto
32.06 -109.71 lineto
29.47438 -114.13647 lineto
 closepath stroke
newpath 53.33 -171.07 moveto
52.43 -171.03 15.26 -156.7 15.26 -156.7 curveto stroke
newpath 17.6276 -158.89874 moveto
15.26 -156.7 lineto
18.49084 -156.65924 lineto stroke
 0.83 0.54 0 0 setcmykcolor 0 0.42001
 dtransform truncate idtransform setlinewidth pop
newpath -223.18 -155.36 moveto
-224.68976 -152.8435 -221.9599 -149.69229 -218.84149 -150.86516 curveto
-215.77359 -152.01903 -213.02086 -149.03322 -214.38031 -146.492 curveto
-215.48581 -144.4255 -213.0202 -142.20099 -209.80489 -142.23862 curveto
-207.31969 -142.2677 -205.13368 -140.52002 -205.10359 -138.12456 curveto
-205.07095 -135.52531 -202.71858 -133.57579 -200.2545 -134.18672 curveto
-197.98358 -134.74976 -195.9317 -132.89165 -195.22115 -130.4885 curveto
-194.39452 -127.69276 -191.89232 -125.82225 -189.94339 -127.1478 curveto
-187.96034 -128.49655 -185.31682 -126.98973 -184.32852 -124.4244 curveto
-183.48657 -122.23894 -180.6285 -121.89772 -178.26901 -123.02675 curveto
-176.19548 -124.01895 -173.84457 -125.02031 -172.0629 -123.67961 curveto
-170.01756 -122.14052 -167.08853 -122.69652 -165.9425 -124.9228 curveto
-164.79073 -127.16028 -161.9506 -127.9043 -159.89308 -126.48108 curveto
-157.95958 -125.14365 -155.36293 -126.18163 -153.89818 -128.23923 curveto
-152.49994 -130.2034 -150.02206 -131.18272 -147.94348 -130.12617 curveto
-145.59618 -128.93303 -142.72038 -129.74976 -142.01282 -132.09045 curveto
-141.34383 -134.30354 -138.57057 -134.76091 -136.09206 -134.08405 curveto
-133.91728 -133.49014 -131.62476 -134.31929 -130.16194 -136.04854 curveto
-128.7463 -137.722 -126.25066 -137.2843 -124.19 -137.88 curveto
-124.19 -137.88 lineto stroke
newpath -128.08711 -138.78146 moveto
-126.81615 -138.59782 -125.50185 -138.02661 -124.19 -137.88 curveto
-124.19 -137.88 lineto
-124.19 -137.88 lineto
-125.22127 -137.05603 -126.55452 -136.53056 -127.58305 -135.76172 curveto
 closepath stroke
newpath -128.08711 -138.78146 moveto
-126.81615 -138.59782 -125.50185 -138.02661 -124.19 -137.88 curveto
-124.19 -137.88 lineto
-124.19 -137.88 lineto
-125.22127 -137.05603 -126.55452 -136.53056 -127.58305 -135.76172 curveto
 closepath fill
newpath 33.39 -100.54 moveto
33.21745 -98.14032 34.34752 -95.74908 36.58578 -95.21088 curveto
38.83476 -94.67009 39.94424 -92.23625 39.68242 -89.82416 curveto
39.44388 -87.62651 40.86371 -85.68892 42.6939 -84.3895 curveto
44.44292 -83.1477 45.14194 -81.00221 45.61908 -78.90771 curveto
46.13387 -76.64803 46.25436 -73.90224 48.4521 -73.37675 curveto
50.75957 -72.82504 51.8326 -70.22337 51.18184 -67.79579 curveto
50.60088 -65.62859 51.93402 -63.51813 53.79549 -62.15724 curveto
55.68881 -60.77307 57.01543 -58.5919 56.27142 -56.45886 curveto
55.5264 -54.3229 56.71877 -52.08827 58.58269 -50.69109 curveto
60.64389 -49.14601 62.03879 -46.70274 60.6883 -44.84645 curveto
59.01778 -42.55028 59.99818 -39.37196 62.52821 -38.91194 curveto
64.8921 -38.48213 65.53719 -35.35696 64.00476 -32.87813 curveto
62.81976 -30.96129 64.69037 -28.8767 64.95 -26.74 curveto
64.95 -26.74 lineto stroke
newpath 65.29013 -30.72548 moveto
65.09523 -29.47032 65.30118 -28.0002 64.95 -26.74 curveto
64.95 -26.74 lineto
64.95 -26.74 lineto
64.30722 -27.87941 63.12202 -28.7733 62.37231 -29.79863 curveto
 closepath stroke
newpath 65.29013 -30.72548 moveto
65.09523 -29.47032 65.30118 -28.0002 64.95 -26.74 curveto
64.95 -26.74 lineto
64.95 -26.74 lineto
64.30722 -27.87941 63.12202 -28.7733 62.37231 -29.79863 curveto
 closepath fill
newpath 86.93 111.67 moveto
85.36795 113.92456 84.0266 116.66904 85.81506 118.40292 curveto
88.69118 121.19125 87.41664 125.26563 84.70004 125.13647 curveto
81.67879 124.99284 80.25232 129.51993 83.58498 131.87001 curveto
86.41512 133.86572 85.56123 138.09038 82.47005 138.60292 curveto
79.13011 139.15671 78.35214 143.64595 81.35503 145.33649 curveto
83.90784 146.77365 80.65422 149.56866 80.24 152.07 curveto
80.24 152.07 lineto stroke
newpath 83.13599 149.31084 moveto
82.18257 150.17438 80.88971 151.02635 80.24 152.07 curveto
80.24 152.07 lineto
80.24 152.07 lineto
79.96143 150.87263 80.27315 149.35599 80.33667 148.07121 curveto
 closepath stroke
newpath 83.13599 149.31084 moveto
82.18257 150.17438 80.88971 151.02635 80.24 152.07 curveto
80.24 152.07 lineto
80.24 152.07 lineto
79.96143 150.87263 80.27315 149.35599 80.33667 148.07121 curveto
 closepath fill
-1 THsetalpha
 0 0 0.10417 0.04 setcmykcolor
newpath 90.58 117.09 moveto
90.58 117.48784 90.42194 117.86934 90.14064 118.15063 curveto
89.85934 118.43193 89.47784 118.59 89.08 118.59 curveto
88.68216 118.59 88.30066 118.43193 88.01936 118.15063 curveto
87.73807 117.86934 87.58 117.48784 87.58 117.09 curveto
87.58 116.69215 87.73807 116.31065 88.01936 116.02936 curveto
88.30066 115.74806 88.68216 115.59 89.08 115.59 curveto
89.47784 115.59 89.85934 115.74806 90.14064 116.02936 curveto
90.42194 116.31065 90.58 116.69215 90.58 117.09 curveto closepath fill
 0.1 0.88333 0 0.4 setcmykcolor 0 0.6
 dtransform truncate idtransform setlinewidth pop
newpath 90.58 117.09 moveto
90.58 117.48784 90.42194 117.86934 90.14064 118.15063 curveto
89.85934 118.43193 89.47784 118.59 89.08 118.59 curveto
88.68216 118.59 88.30066 118.43193 88.01936 118.15063 curveto
87.73807 117.86934 87.58 117.48784 87.58 117.09 curveto
87.58 116.69215 87.73807 116.31065 88.01936 116.02936 curveto
88.30066 115.74806 88.68216 115.59 89.08 115.59 curveto
89.47784 115.59 89.85934 115.74806 90.14064 116.02936 curveto
90.42194 116.31065 90.58 116.69215 90.58 117.09 curveto closepath stroke
-1 THsetalpha
 0 0 0.10417 0.04 setcmykcolor
newpath 84.28 -30.31 moveto
84.28 -29.91216 84.12193 -29.53065 83.84064 -29.24936 curveto
83.55934 -28.96806 83.17784 -28.81 82.78 -28.81 curveto
82.38216 -28.81 82.00066 -28.96806 81.71936 -29.24936 curveto
81.43806 -29.53065 81.28 -29.91216 81.28 -30.31 curveto
81.28 -30.70784 81.43806 -31.08934 81.71936 -31.37064 curveto
82.00066 -31.65193 82.38216 -31.81 82.78 -31.81 curveto
83.17784 -31.81 83.55934 -31.65193 83.84064 -31.37064 curveto
84.12193 -31.08934 84.28 -30.70784 84.28 -30.31 curveto closepath fill
 0.1 0.88333 0 0.4 setcmykcolor
newpath 84.28 -30.31 moveto
84.28 -29.91216 84.12193 -29.53065 83.84064 -29.24936 curveto
83.55934 -28.96806 83.17784 -28.81 82.78 -28.81 curveto
82.38216 -28.81 82.00066 -28.96806 81.71936 -29.24936 curveto
81.43806 -29.53065 81.28 -29.91216 81.28 -30.31 curveto
81.28 -30.70784 81.43806 -31.08934 81.71936 -31.37064 curveto
82.00066 -31.65193 82.38216 -31.81 82.78 -31.81 curveto
83.17784 -31.81 83.55934 -31.65193 83.84064 -31.37064 curveto
84.12193 -31.08934 84.28 -30.70784 84.28 -30.31 curveto closepath stroke
-1 THsetalpha
 0 0 0.10417 0.04 setcmykcolor
newpath -27.11 -156.46 moveto
-27.11 -156.06216 -27.26807 -155.68066 -27.54936 -155.39937 curveto
-27.83066 -155.11807 -28.21216 -154.96 -28.61 -154.96 curveto
-29.00784 -154.96 -29.38934 -155.11807 -29.67064 -155.39937 curveto
-29.95193 -155.68066 -30.11 -156.06216 -30.11 -156.46 curveto
-30.11 -156.85785 -29.95193 -157.23935 -29.67064 -157.52065 curveto
-29.38934 -157.80194 -29.00784 -157.96 -28.61 -157.96 curveto
-28.21216 -157.96 -27.83066 -157.80194 -27.54936 -157.52065 curveto
-27.26807 -157.23935 -27.11 -156.85785 -27.11 -156.46 curveto closepath fill
 0.1 0.88333 0 0.4 setcmykcolor
newpath -27.11 -156.46 moveto
-27.11 -156.06216 -27.26807 -155.68066 -27.54936 -155.39937 curveto
-27.83066 -155.11807 -28.21216 -154.96 -28.61 -154.96 curveto
-29.00784 -154.96 -29.38934 -155.11807 -29.67064 -155.39937 curveto
-29.95193 -155.68066 -30.11 -156.06216 -30.11 -156.46 curveto
-30.11 -156.85785 -29.95193 -157.23935 -29.67064 -157.52065 curveto
-29.38934 -157.80194 -29.00784 -157.96 -28.61 -157.96 curveto
-28.21216 -157.96 -27.83066 -157.80194 -27.54936 -157.52065 curveto
-27.26807 -157.23935 -27.11 -156.85785 -27.11 -156.46 curveto closepath stroke
-1 THsetalpha
 0 0 0.10417 0.04 setcmykcolor
newpath -167.42 -126.01 moveto
-167.42 -125.61215 -167.57806 -125.23065 -167.85936 -124.94936 curveto
-168.14066 -124.66806 -168.52216 -124.51 -168.92 -124.51 curveto
-169.31784 -124.51 -169.69934 -124.66806 -169.98064 -124.94936 curveto
-170.26193 -125.23065 -170.42 -125.61215 -170.42 -126.01 curveto
-170.42 -126.40784 -170.26193 -126.78934 -169.98064 -127.07063 curveto
-169.69934 -127.35193 -169.31784 -127.51 -168.92 -127.51 curveto
-168.52216 -127.51 -168.14066 -127.35193 -167.85936 -127.07063 curveto
-167.57806 -126.78934 -167.42 -126.40784 -167.42 -126.01 curveto closepath fill
 0.1 0.88333 0 0.4 setcmykcolor
newpath -167.42 -126.01 moveto
-167.42 -125.61215 -167.57806 -125.23065 -167.85936 -124.94936 curveto
-168.14066 -124.66806 -168.52216 -124.51 -168.92 -124.51 curveto
-169.31784 -124.51 -169.69934 -124.66806 -169.98064 -124.94936 curveto
-170.26193 -125.23065 -170.42 -125.61215 -170.42 -126.01 curveto
-170.42 -126.40784 -170.26193 -126.78934 -169.98064 -127.07063 curveto
-169.69934 -127.35193 -169.31784 -127.51 -168.92 -127.51 curveto
-168.52216 -127.51 -168.14066 -127.35193 -167.85936 -127.07063 curveto
-167.57806 -126.78934 -167.42 -126.40784 -167.42 -126.01 curveto closepath stroke
-1 THsetalpha
 0 0 0.10417 0.04 setcmykcolor
newpath -132.65 -67.8 moveto
-132.65 -67.40216 -132.80806 -67.02066 -133.08936 -66.73936 curveto
-133.37065 -66.45807 -133.75215 -66.3 -134.15 -66.3 curveto
-134.54784 -66.3 -134.92934 -66.45807 -135.21063 -66.73936 curveto
-135.49193 -67.02066 -135.65 -67.40216 -135.65 -67.8 curveto
-135.65 -68.19785 -135.49193 -68.57935 -135.21063 -68.86064 curveto
-134.92934 -69.14194 -134.54784 -69.3 -134.15 -69.3 curveto
-133.75215 -69.3 -133.37065 -69.14194 -133.08936 -68.86064 curveto
-132.80806 -68.57935 -132.65 -68.19785 -132.65 -67.8 curveto closepath fill
 0.1 0.88333 0 0.4 setcmykcolor
newpath -132.65 -67.8 moveto
-132.65 -67.40216 -132.80806 -67.02066 -133.08936 -66.73936 curveto
-133.37065 -66.45807 -133.75215 -66.3 -134.15 -66.3 curveto
-134.54784 -66.3 -134.92934 -66.45807 -135.21063 -66.73936 curveto
-135.49193 -67.02066 -135.65 -67.40216 -135.65 -67.8 curveto
-135.65 -68.19785 -135.49193 -68.57935 -135.21063 -68.86064 curveto
-134.92934 -69.14194 -134.54784 -69.3 -134.15 -69.3 curveto
-133.75215 -69.3 -133.37065 -69.14194 -133.08936 -68.86064 curveto
-132.80806 -68.57935 -132.65 -68.19785 -132.65 -67.8 curveto closepath stroke
showpage
%%EOF
