%!PS
%%BoundingBox: -214 -311 220 304 
%%HiResBoundingBox: -213.69 -310.312 219.71658 303.97 
%%Creator: MetaPost 2.02
%%CreationDate: 2023.12.12:1531
%%Pages: 1
%%BeginProlog
%%EndProlog
%%Page: 1 1
 0 0 0 1 setcmykcolor 0 1.2 dtransform truncate idtransform setlinewidth pop
 [3.60022 3.60022 ] 0 setdash 1 setlinecap 1 setlinejoin
 10 setmiterlimit
newpath -168.24 -263.26 moveto
-172.53 -263.24 -209.3 -262.44 -213.09 -261.55 curveto stroke
 [] 0 setdash
newpath -28.21 -63.5 moveto
-28.21 -63.5 -27.1 -88.05 -27.77 -94.53 curveto
-28.43 -101 -21.79 -129.19 -22.86 -136.34 curveto
-23.92 -143.5 -35.28 -215.76 -42.78 -229.46 curveto
-50.28 -243.16 -77.98 -249.77 -93.15 -250.43 curveto
-108.32 -251.09 -163.94 -263.26 -168.24 -263.26 curveto stroke
 [3.60022 3.60022 ] 0 setdash
newpath 175.74 235.89 moveto
174.89 240.62 161.44 299.2 161.64 303.37 curveto stroke
 0.83 0.54 0 0 setcmykcolor 0 0.42001
 dtransform truncate idtransform setlinewidth pop [] 0 setdash
newpath -168.52 -275.76 moveto
-166.17876 -273.03229 -162.36359 -272.87233 -161.4541 -275.43 curveto
-160.52608 -278.03981 -156.60788 -277.96233 -154.38821 -275.1 curveto
-152.8184 -273.0757 -149.86482 -273.77257 -147.32231 -274.77 curveto
-144.99341 -275.68364 -142.35515 -275.7753 -140.25644 -274.44 curveto
-138.17923 -273.11838 -135.603 -274.22269 -133.19 -274.11 curveto
-133.19 -274.11 lineto stroke
newpath -136.99321 -275.34904 moveto
-135.75912 -274.91516 -134.3828 -274.67062 -133.19 -274.11 curveto
-133.19 -274.11 lineto
-133.19 -274.11 lineto
-134.42986 -273.66296 -135.57596 -272.86264 -136.75539 -272.2968 curveto
 closepath stroke
newpath -136.99321 -275.34904 moveto
-135.75912 -274.91516 -134.3828 -274.67062 -133.19 -274.11 curveto
-133.19 -274.11 lineto
-133.19 -274.11 lineto
-134.42986 -273.66296 -135.57596 -272.86264 -136.75539 -272.2968 curveto
 closepath fill
 0 0 0 1 setcmykcolor 0 1.2 dtransform truncate idtransform setlinewidth pop
newpath -170.92 -287.97 moveto
-163.8 -289.24 -103.7 -298.3 -103.7 -298.3 curveto
-103.7 -298.3 -56.79 -312.03 -52.34 -309.37 curveto
-47.88 -306.7 -12.44 -304.06 -6.76 -298.2 curveto
-1.08 -292.33 40.27 -165.65 44.14 -160.07 curveto
48.01 -154.49 87.95 -87.19 88.28 -80.35 curveto
88.61 -73.52 89.2 -53.37 90.99 -46.24 curveto
92.77 -39.12 110.06 -16.16 120.91 -8.02 curveto
131.75 0.12 140.46 9.07 143.99 15.03 curveto
147.52 20.99 155.7 26.37 161.66 30.41 curveto
167.62 34.46 173.9 37.76 179.14 49.41 curveto
184.38 61.05 223.34 99.9 218.74 124.29 curveto
214.13 148.66 213.68 162.01 205.18 172.87 curveto
196.69 183.72 186.09 195.76 184.62 202.67 curveto
183.14 209.59 176.6 231.17 175.74 235.89 curveto stroke
 [3.60022 3.60022 ] 0 setdash
newpath -211.18 -287.93 moveto
-211.18 -287.93 -178.02 -286.65 -170.92 -287.97 curveto stroke
 [] 0 setdash
newpath 166.5 230.93 moveto
166.94 225.14 176.26 193.7 178.57 189.27 curveto
180.89 184.83 201.02 153.6 198.53 146.51 curveto
196.03 139.43 185.48 122.26 183.24 113 curveto
181 103.73 171.3 51.22 161.66 45.55 curveto
152.02 39.88 133.44 43.61 130.08 33.34 curveto
126.71 23.05 125.87 13.01 117.31 7.29 curveto
108.75 1.57 99.9 -2.7 94.34 -13.61 curveto
88.77 -24.51 78.03 -38.07 76.94 -45.94 curveto
75.85 -53.81 61.52 -112.97 44.87 -129.47 curveto
28.21 -145.97 22.68 -171.66 19.91 -176.94 curveto
17.14 -182.21 -30.52 -267.53 -37.82 -269.35 curveto
-45.11 -271.16 -64.95 -279.23 -65.16 -275.98 curveto
-65.37 -272.73 -24.21 -248.37 -24.52 -239.71 curveto
-24.83 -231.04 -11.33 -144.1 -10.94 -135.83 curveto
-10.55 -127.55 5.84 -103.76 5.8 -94.56 curveto
5.76 -85.44 5.79 -75.06 3.89 -66.78 curveto stroke
 [3.60022 3.60022 ] 0 setdash
newpath 153.63 301.21 moveto
153.63 301.21 166.05 236.71 166.5 230.93 curveto stroke
-1 THsetalpha
 0 0 0.10417 0.04 setcmykcolor
newpath 172.34 229.35 moveto
172.34 229.74785 172.18193 230.12935 171.90063 230.41064 curveto
171.61934 230.69194 171.23784 230.85 170.84 230.85 curveto
170.44215 230.85 170.06065 230.69194 169.77936 230.41064 curveto
169.49806 230.12935 169.34 229.74785 169.34 229.35 curveto
169.34 228.95216 169.49806 228.57066 169.77936 228.28937 curveto
170.06065 228.00807 170.44215 227.85 170.84 227.85 curveto
171.23784 227.85 171.61934 228.00807 171.90063 228.28937 curveto
172.18193 228.57066 172.34 228.95216 172.34 229.35 curveto closepath fill
 0.1 0.88333 0 0.4 setcmykcolor 0 0.6
 dtransform truncate idtransform setlinewidth pop [] 0 setdash
newpath 172.34 229.35 moveto
172.34 229.74785 172.18193 230.12935 171.90063 230.41064 curveto
171.61934 230.69194 171.23784 230.85 170.84 230.85 curveto
170.44215 230.85 170.06065 230.69194 169.77936 230.41064 curveto
169.49806 230.12935 169.34 229.74785 169.34 229.35 curveto
169.34 228.95216 169.49806 228.57066 169.77936 228.28937 curveto
170.06065 228.00807 170.44215 227.85 170.84 227.85 curveto
171.23784 227.85 171.61934 228.00807 171.90063 228.28937 curveto
172.18193 228.57066 172.34 228.95216 172.34 229.35 curveto closepath stroke
-1 THsetalpha
 0 0 0.10417 0.04 setcmykcolor
newpath 182.11 193.11 moveto
182.11 193.50784 181.95193 193.88934 181.67064 194.17064 curveto
181.38934 194.45193 181.00784 194.61 180.61 194.61 curveto
180.21216 194.61 179.83066 194.45193 179.54936 194.17064 curveto
179.26807 193.88934 179.11 193.50784 179.11 193.11 curveto
179.11 192.71216 179.26807 192.33066 179.54936 192.04936 curveto
179.83066 191.76807 180.21216 191.61 180.61 191.61 curveto
181.00784 191.61 181.38934 191.76807 181.67064 192.04936 curveto
181.95193 192.33066 182.11 192.71216 182.11 193.11 curveto closepath fill
 0.1 0.88333 0 0.4 setcmykcolor
newpath 182.11 193.11 moveto
182.11 193.50784 181.95193 193.88934 181.67064 194.17064 curveto
181.38934 194.45193 181.00784 194.61 180.61 194.61 curveto
180.21216 194.61 179.83066 194.45193 179.54936 194.17064 curveto
179.26807 193.88934 179.11 193.50784 179.11 193.11 curveto
179.11 192.71216 179.26807 192.33066 179.54936 192.04936 curveto
179.83066 191.76807 180.21216 191.61 180.61 191.61 curveto
181.00784 191.61 181.38934 191.76807 181.67064 192.04936 curveto
181.95193 192.33066 182.11 192.71216 182.11 193.11 curveto closepath stroke
-1 THsetalpha
 0 0 0.10417 0.04 setcmykcolor
newpath 203.19 155.37 moveto
203.19 155.76784 203.03194 156.14934 202.75064 156.43063 curveto
202.46935 156.71193 202.08784 156.87 201.69 156.87 curveto
201.29216 156.87 200.91066 156.71193 200.62936 156.43063 curveto
200.34807 156.14934 200.19 155.76784 200.19 155.37 curveto
200.19 154.97215 200.34807 154.59065 200.62936 154.30936 curveto
200.91066 154.02806 201.29216 153.87 201.69 153.87 curveto
202.08784 153.87 202.46935 154.02806 202.75064 154.30936 curveto
203.03194 154.59065 203.19 154.97215 203.19 155.37 curveto closepath fill
 0.1 0.88333 0 0.4 setcmykcolor
newpath 203.19 155.37 moveto
203.19 155.76784 203.03194 156.14934 202.75064 156.43063 curveto
202.46935 156.71193 202.08784 156.87 201.69 156.87 curveto
201.29216 156.87 200.91066 156.71193 200.62936 156.43063 curveto
200.34807 156.14934 200.19 155.76784 200.19 155.37 curveto
200.19 154.97215 200.34807 154.59065 200.62936 154.30936 curveto
200.91066 154.02806 201.29216 153.87 201.69 153.87 curveto
202.08784 153.87 202.46935 154.02806 202.75064 154.30936 curveto
203.03194 154.59065 203.19 154.97215 203.19 155.37 curveto closepath stroke
-1 THsetalpha
 0 0 0.10417 0.04 setcmykcolor
newpath 201.95 116.56 moveto
201.95 116.95784 201.79193 117.33934 201.51064 117.62064 curveto
201.22934 117.90193 200.84784 118.06 200.45 118.06 curveto
200.05215 118.06 199.67065 117.90193 199.38936 117.62064 curveto
199.10806 117.33934 198.95 116.95784 198.95 116.56 curveto
198.95 116.16216 199.10806 115.78065 199.38936 115.49936 curveto
199.67065 115.21806 200.05215 115.06 200.45 115.06 curveto
200.84784 115.06 201.22934 115.21806 201.51064 115.49936 curveto
201.79193 115.78065 201.95 116.16216 201.95 116.56 curveto closepath fill
 0.1 0.88333 0 0.4 setcmykcolor
newpath 201.95 116.56 moveto
201.95 116.95784 201.79193 117.33934 201.51064 117.62064 curveto
201.22934 117.90193 200.84784 118.06 200.45 118.06 curveto
200.05215 118.06 199.67065 117.90193 199.38936 117.62064 curveto
199.10806 117.33934 198.95 116.95784 198.95 116.56 curveto
198.95 116.16216 199.10806 115.78065 199.38936 115.49936 curveto
199.67065 115.21806 200.05215 115.06 200.45 115.06 curveto
200.84784 115.06 201.22934 115.21806 201.51064 115.49936 curveto
201.79193 115.78065 201.95 116.16216 201.95 116.56 curveto closepath stroke
-1 THsetalpha
 0 0 0.10417 0.04 setcmykcolor
newpath 173.59 40.78 moveto
173.59 41.17784 173.43193 41.55934 173.15063 41.84064 curveto
172.86934 42.12193 172.48784 42.28 172.09 42.28 curveto
171.69215 42.28 171.31065 42.12193 171.02936 41.84064 curveto
170.74806 41.55934 170.59 41.17784 170.59 40.78 curveto
170.59 40.38216 170.74806 40.00066 171.02936 39.71936 curveto
171.31065 39.43806 171.69215 39.28 172.09 39.28 curveto
172.48784 39.28 172.86934 39.43806 173.15063 39.71936 curveto
173.43193 40.00066 173.59 40.38216 173.59 40.78 curveto closepath fill
 0.1 0.88333 0 0.4 setcmykcolor
newpath 173.59 40.78 moveto
173.59 41.17784 173.43193 41.55934 173.15063 41.84064 curveto
172.86934 42.12193 172.48784 42.28 172.09 42.28 curveto
171.69215 42.28 171.31065 42.12193 171.02936 41.84064 curveto
170.74806 41.55934 170.59 41.17784 170.59 40.78 curveto
170.59 40.38216 170.74806 40.00066 171.02936 39.71936 curveto
171.31065 39.43806 171.69215 39.28 172.09 39.28 curveto
172.48784 39.28 172.86934 39.43806 173.15063 39.71936 curveto
173.43193 40.00066 173.59 40.38216 173.59 40.78 curveto closepath stroke
-1 THsetalpha
 0 0 0.10417 0.04 setcmykcolor
newpath 143.2 27.32 moveto
143.2 27.71785 143.04193 28.09935 142.76064 28.38065 curveto
142.47934 28.66194 142.09784 28.82 141.7 28.82 curveto
141.30215 28.82 140.92065 28.66194 140.63936 28.38065 curveto
140.35806 28.09935 140.2 27.71785 140.2 27.32 curveto
140.2 26.92216 140.35806 26.54066 140.63936 26.25937 curveto
140.92065 25.97807 141.30215 25.82 141.7 25.82 curveto
142.09784 25.82 142.47934 25.97807 142.76064 26.25937 curveto
143.04193 26.54066 143.2 26.92216 143.2 27.32 curveto closepath fill
 0.1 0.88333 0 0.4 setcmykcolor
newpath 143.2 27.32 moveto
143.2 27.71785 143.04193 28.09935 142.76064 28.38065 curveto
142.47934 28.66194 142.09784 28.82 141.7 28.82 curveto
141.30215 28.82 140.92065 28.66194 140.63936 28.38065 curveto
140.35806 28.09935 140.2 27.71785 140.2 27.32 curveto
140.2 26.92216 140.35806 26.54066 140.63936 26.25937 curveto
140.92065 25.97807 141.30215 25.82 141.7 25.82 curveto
142.09784 25.82 142.47934 25.97807 142.76064 26.25937 curveto
143.04193 26.54066 143.2 26.92216 143.2 27.32 curveto closepath stroke
-1 THsetalpha
 0 0 0.10417 0.04 setcmykcolor
newpath 130.21 4.57 moveto
130.21 4.96785 130.05194 5.34935 129.77065 5.63065 curveto
129.48935 5.91194 129.10785 6.07 128.71 6.07 curveto
128.31216 6.07 127.93066 5.91194 127.64937 5.63065 curveto
127.36807 5.34935 127.21 4.96785 127.21 4.57 curveto
127.21 4.17216 127.36807 3.79066 127.64937 3.50937 curveto
127.93066 3.22807 128.31216 3.07 128.71 3.07 curveto
129.10785 3.07 129.48935 3.22807 129.77065 3.50937 curveto
130.05194 3.79066 130.21 4.17216 130.21 4.57 curveto closepath fill
 0.1 0.88333 0 0.4 setcmykcolor
newpath 130.21 4.57 moveto
130.21 4.96785 130.05194 5.34935 129.77065 5.63065 curveto
129.48935 5.91194 129.10785 6.07 128.71 6.07 curveto
128.31216 6.07 127.93066 5.91194 127.64937 5.63065 curveto
127.36807 5.34935 127.21 4.96785 127.21 4.57 curveto
127.21 4.17216 127.36807 3.79066 127.64937 3.50937 curveto
127.93066 3.22807 128.31216 3.07 128.71 3.07 curveto
129.10785 3.07 129.48935 3.22807 129.77065 3.50937 curveto
130.05194 3.79066 130.21 4.17216 130.21 4.57 curveto closepath stroke
-1 THsetalpha
 0 0 0.10417 0.04 setcmykcolor
newpath 103.64 -7.7 moveto
103.64 -7.30215 103.48193 -6.92065 103.20064 -6.63936 curveto
102.91934 -6.35806 102.53784 -6.2 102.14 -6.2 curveto
101.74216 -6.2 101.36066 -6.35806 101.07936 -6.63936 curveto
100.79807 -6.92065 100.64 -7.30215 100.64 -7.7 curveto
100.64 -8.09784 100.79807 -8.47934 101.07936 -8.76064 curveto
101.36066 -9.04193 101.74216 -9.2 102.14 -9.2 curveto
102.53784 -9.2 102.91934 -9.04193 103.20064 -8.76064 curveto
103.48193 -8.47934 103.64 -8.09784 103.64 -7.7 curveto closepath fill
 0.1 0.88333 0 0.4 setcmykcolor
newpath 103.64 -7.7 moveto
103.64 -7.30215 103.48193 -6.92065 103.20064 -6.63936 curveto
102.91934 -6.35806 102.53784 -6.2 102.14 -6.2 curveto
101.74216 -6.2 101.36066 -6.35806 101.07936 -6.63936 curveto
100.79807 -6.92065 100.64 -7.30215 100.64 -7.7 curveto
100.64 -8.09784 100.79807 -8.47934 101.07936 -8.76064 curveto
101.36066 -9.04193 101.74216 -9.2 102.14 -9.2 curveto
102.53784 -9.2 102.91934 -9.04193 103.20064 -8.76064 curveto
103.48193 -8.47934 103.64 -8.09784 103.64 -7.7 curveto closepath stroke
-1 THsetalpha
 0 0 0.10417 0.04 setcmykcolor
newpath 85.89 -44.06 moveto
85.89 -43.66216 85.73193 -43.28065 85.45064 -42.99936 curveto
85.16934 -42.71806 84.78784 -42.56 84.39 -42.56 curveto
83.99216 -42.56 83.61066 -42.71806 83.32936 -42.99936 curveto
83.04807 -43.28065 82.89 -43.66216 82.89 -44.06 curveto
82.89 -44.45784 83.04807 -44.83934 83.32936 -45.12064 curveto
83.61066 -45.40193 83.99216 -45.56 84.39 -45.56 curveto
84.78784 -45.56 85.16934 -45.40193 85.45064 -45.12064 curveto
85.73193 -44.83934 85.89 -44.45784 85.89 -44.06 curveto closepath fill
 0.1 0.88333 0 0.4 setcmykcolor
newpath 85.89 -44.06 moveto
85.89 -43.66216 85.73193 -43.28065 85.45064 -42.99936 curveto
85.16934 -42.71806 84.78784 -42.56 84.39 -42.56 curveto
83.99216 -42.56 83.61066 -42.71806 83.32936 -42.99936 curveto
83.04807 -43.28065 82.89 -43.66216 82.89 -44.06 curveto
82.89 -44.45784 83.04807 -44.83934 83.32936 -45.12064 curveto
83.61066 -45.40193 83.99216 -45.56 84.39 -45.56 curveto
84.78784 -45.56 85.16934 -45.40193 85.45064 -45.12064 curveto
85.73193 -44.83934 85.89 -44.45784 85.89 -44.06 curveto closepath stroke
-1 THsetalpha
 0 0 0.10417 0.04 setcmykcolor
newpath 80.37 -77.72 moveto
80.37 -77.32216 80.21193 -76.94066 79.93063 -76.65936 curveto
79.64934 -76.37807 79.26784 -76.22 78.87 -76.22 curveto
78.47215 -76.22 78.09065 -76.37807 77.80936 -76.65936 curveto
77.52806 -76.94066 77.37 -77.32216 77.37 -77.72 curveto
77.37 -78.11784 77.52806 -78.49934 77.80936 -78.78064 curveto
78.09065 -79.06194 78.47215 -79.22 78.87 -79.22 curveto
79.26784 -79.22 79.64934 -79.06194 79.93063 -78.78064 curveto
80.21193 -78.49934 80.37 -78.11784 80.37 -77.72 curveto closepath fill
 0.1 0.88333 0 0.4 setcmykcolor
newpath 80.37 -77.72 moveto
80.37 -77.32216 80.21193 -76.94066 79.93063 -76.65936 curveto
79.64934 -76.37807 79.26784 -76.22 78.87 -76.22 curveto
78.47215 -76.22 78.09065 -76.37807 77.80936 -76.65936 curveto
77.52806 -76.94066 77.37 -77.32216 77.37 -77.72 curveto
77.37 -78.11784 77.52806 -78.49934 77.80936 -78.78064 curveto
78.09065 -79.06194 78.47215 -79.22 78.87 -79.22 curveto
79.26784 -79.22 79.64934 -79.06194 79.93063 -78.78064 curveto
80.21193 -78.49934 80.37 -78.11784 80.37 -77.72 curveto closepath stroke
-1 THsetalpha
 0 0 0.10417 0.04 setcmykcolor
newpath 39 -161.36 moveto
39 -160.96216 38.84193 -160.58066 38.56064 -160.29936 curveto
38.27934 -160.01807 37.89784 -159.86 37.5 -159.86 curveto
37.10216 -159.86 36.72066 -160.01807 36.43936 -160.29936 curveto
36.15807 -160.58066 36 -160.96216 36 -161.36 curveto
36 -161.75784 36.15807 -162.13934 36.43936 -162.42064 curveto
36.72066 -162.70193 37.10216 -162.86 37.5 -162.86 curveto
37.89784 -162.86 38.27934 -162.70193 38.56064 -162.42064 curveto
38.84193 -162.13934 39 -161.75784 39 -161.36 curveto closepath fill
 0.1 0.88333 0 0.4 setcmykcolor
newpath 39 -161.36 moveto
39 -160.96216 38.84193 -160.58066 38.56064 -160.29936 curveto
38.27934 -160.01807 37.89784 -159.86 37.5 -159.86 curveto
37.10216 -159.86 36.72066 -160.01807 36.43936 -160.29936 curveto
36.15807 -160.58066 36 -160.96216 36 -161.36 curveto
36 -161.75784 36.15807 -162.13934 36.43936 -162.42064 curveto
36.72066 -162.70193 37.10216 -162.86 37.5 -162.86 curveto
37.89784 -162.86 38.27934 -162.70193 38.56064 -162.42064 curveto
38.84193 -162.13934 39 -161.75784 39 -161.36 curveto closepath stroke
-1 THsetalpha
 0 0 0.10417 0.04 setcmykcolor
newpath -30.35 -290.6 moveto
-30.35 -290.20216 -30.50807 -289.82066 -30.78937 -289.53937 curveto
-31.07066 -289.25807 -31.45216 -289.1 -31.85 -289.1 curveto
-32.24785 -289.1 -32.62935 -289.25807 -32.91064 -289.53937 curveto
-33.19194 -289.82066 -33.35 -290.20216 -33.35 -290.6 curveto
-33.35 -290.99785 -33.19194 -291.37935 -32.91064 -291.66064 curveto
-32.62935 -291.94194 -32.24785 -292.1 -31.85 -292.1 curveto
-31.45216 -292.1 -31.07066 -291.94194 -30.78937 -291.66064 curveto
-30.50807 -291.37935 -30.35 -290.99785 -30.35 -290.6 curveto closepath fill
 0.1 0.88333 0 0.4 setcmykcolor
newpath -30.35 -290.6 moveto
-30.35 -290.20216 -30.50807 -289.82066 -30.78937 -289.53937 curveto
-31.07066 -289.25807 -31.45216 -289.1 -31.85 -289.1 curveto
-32.24785 -289.1 -32.62935 -289.25807 -32.91064 -289.53937 curveto
-33.19194 -289.82066 -33.35 -290.20216 -33.35 -290.6 curveto
-33.35 -290.99785 -33.19194 -291.37935 -32.91064 -291.66064 curveto
-32.62935 -291.94194 -32.24785 -292.1 -31.85 -292.1 curveto
-31.45216 -292.1 -31.07066 -291.94194 -30.78937 -291.66064 curveto
-30.50807 -291.37935 -30.35 -290.99785 -30.35 -290.6 curveto closepath stroke
-1 THsetalpha
 0 0 0.10417 0.04 setcmykcolor
newpath -54.94 -274.62 moveto
-54.94 -274.22215 -55.09807 -273.84065 -55.37936 -273.55936 curveto
-55.66066 -273.27806 -56.04216 -273.12 -56.44 -273.12 curveto
-56.83784 -273.12 -57.21935 -273.27806 -57.50064 -273.55936 curveto
-57.78194 -273.84065 -57.94 -274.22215 -57.94 -274.62 curveto
-57.94 -275.01784 -57.78194 -275.39934 -57.50064 -275.68063 curveto
-57.21935 -275.96193 -56.83784 -276.12 -56.44 -276.12 curveto
-56.04216 -276.12 -55.66066 -275.96193 -55.37936 -275.68063 curveto
-55.09807 -275.39934 -54.94 -275.01784 -54.94 -274.62 curveto closepath fill
 0.1 0.88333 0 0.4 setcmykcolor
newpath -54.94 -274.62 moveto
-54.94 -274.22215 -55.09807 -273.84065 -55.37936 -273.55936 curveto
-55.66066 -273.27806 -56.04216 -273.12 -56.44 -273.12 curveto
-56.83784 -273.12 -57.21935 -273.27806 -57.50064 -273.55936 curveto
-57.78194 -273.84065 -57.94 -274.22215 -57.94 -274.62 curveto
-57.94 -275.01784 -57.78194 -275.39934 -57.50064 -275.68063 curveto
-57.21935 -275.96193 -56.83784 -276.12 -56.44 -276.12 curveto
-56.04216 -276.12 -55.66066 -275.96193 -55.37936 -275.68063 curveto
-55.09807 -275.39934 -54.94 -275.01784 -54.94 -274.62 curveto closepath stroke
-1 THsetalpha
 0 0 0.10417 0.04 setcmykcolor
newpath -101.15 -295.47 moveto
-101.15 -295.07216 -101.30806 -294.69066 -101.58936 -294.40936 curveto
-101.87065 -294.12807 -102.25215 -293.97 -102.65 -293.97 curveto
-103.04784 -293.97 -103.42934 -294.12807 -103.71063 -294.40936 curveto
-103.99193 -294.69066 -104.15 -295.07216 -104.15 -295.47 curveto
-104.15 -295.86784 -103.99193 -296.24934 -103.71063 -296.53064 curveto
-103.42934 -296.81194 -103.04784 -296.97 -102.65 -296.97 curveto
-102.25215 -296.97 -101.87065 -296.81194 -101.58936 -296.53064 curveto
-101.30806 -296.24934 -101.15 -295.86784 -101.15 -295.47 curveto closepath fill
 0.1 0.88333 0 0.4 setcmykcolor
newpath -101.15 -295.47 moveto
-101.15 -295.07216 -101.30806 -294.69066 -101.58936 -294.40936 curveto
-101.87065 -294.12807 -102.25215 -293.97 -102.65 -293.97 curveto
-103.04784 -293.97 -103.42934 -294.12807 -103.71063 -294.40936 curveto
-103.99193 -294.69066 -104.15 -295.07216 -104.15 -295.47 curveto
-104.15 -295.86784 -103.99193 -296.24934 -103.71063 -296.53064 curveto
-103.42934 -296.81194 -103.04784 -296.97 -102.65 -296.97 curveto
-102.25215 -296.97 -101.87065 -296.81194 -101.58936 -296.53064 curveto
-101.30806 -296.24934 -101.15 -295.86784 -101.15 -295.47 curveto closepath stroke
-1 THsetalpha
 0 0 0.10417 0.04 setcmykcolor
newpath -26.67 -240.8 moveto
-26.67 -240.40216 -26.82806 -240.02066 -27.10936 -239.73936 curveto
-27.39066 -239.45807 -27.77216 -239.3 -28.17 -239.3 curveto
-28.56784 -239.3 -28.94934 -239.45807 -29.23064 -239.73936 curveto
-29.51193 -240.02066 -29.67 -240.40216 -29.67 -240.8 curveto
-29.67 -241.19785 -29.51193 -241.57935 -29.23064 -241.86064 curveto
-28.94934 -242.14194 -28.56784 -242.3 -28.17 -242.3 curveto
-27.77216 -242.3 -27.39066 -242.14194 -27.10936 -241.86064 curveto
-26.82806 -241.57935 -26.67 -241.19785 -26.67 -240.8 curveto closepath fill
 0.1 0.88333 0 0.4 setcmykcolor
newpath -26.67 -240.8 moveto
-26.67 -240.40216 -26.82806 -240.02066 -27.10936 -239.73936 curveto
-27.39066 -239.45807 -27.77216 -239.3 -28.17 -239.3 curveto
-28.56784 -239.3 -28.94934 -239.45807 -29.23064 -239.73936 curveto
-29.51193 -240.02066 -29.67 -240.40216 -29.67 -240.8 curveto
-29.67 -241.19785 -29.51193 -241.57935 -29.23064 -241.86064 curveto
-28.94934 -242.14194 -28.56784 -242.3 -28.17 -242.3 curveto
-27.77216 -242.3 -27.39066 -242.14194 -27.10936 -241.86064 curveto
-26.82806 -241.57935 -26.67 -241.19785 -26.67 -240.8 curveto closepath stroke
-1 THsetalpha
 0 0 0.10417 0.04 setcmykcolor
newpath -16.58 -136.35 moveto
-16.58 -135.95216 -16.73807 -135.57066 -17.01936 -135.28937 curveto
-17.30066 -135.00807 -17.68216 -134.85 -18.08 -134.85 curveto
-18.47784 -134.85 -18.85934 -135.00807 -19.14064 -135.28937 curveto
-19.42194 -135.57066 -19.58 -135.95216 -19.58 -136.35 curveto
-19.58 -136.74785 -19.42194 -137.12935 -19.14064 -137.41064 curveto
-18.85934 -137.69194 -18.47784 -137.85 -18.08 -137.85 curveto
-17.68216 -137.85 -17.30066 -137.69194 -17.01936 -137.41064 curveto
-16.73807 -137.12935 -16.58 -136.74785 -16.58 -136.35 curveto closepath fill
 0.1 0.88333 0 0.4 setcmykcolor
newpath -16.58 -136.35 moveto
-16.58 -135.95216 -16.73807 -135.57066 -17.01936 -135.28937 curveto
-17.30066 -135.00807 -17.68216 -134.85 -18.08 -134.85 curveto
-18.47784 -134.85 -18.85934 -135.00807 -19.14064 -135.28937 curveto
-19.42194 -135.57066 -19.58 -135.95216 -19.58 -136.35 curveto
-19.58 -136.74785 -19.42194 -137.12935 -19.14064 -137.41064 curveto
-18.85934 -137.69194 -18.47784 -137.85 -18.08 -137.85 curveto
-17.68216 -137.85 -17.30066 -137.69194 -17.01936 -137.41064 curveto
-16.73807 -137.12935 -16.58 -136.74785 -16.58 -136.35 curveto closepath stroke
-1 THsetalpha
 0 0 0.10417 0.04 setcmykcolor
newpath -15.08 -75.77 moveto
-15.08 -75.37216 -15.23807 -74.99066 -15.51936 -74.70937 curveto
-15.80066 -74.42807 -16.18216 -74.27 -16.58 -74.27 curveto
-16.97784 -74.27 -17.35934 -74.42807 -17.64064 -74.70937 curveto
-17.92194 -74.99066 -18.08 -75.37216 -18.08 -75.77 curveto
-18.08 -76.16785 -17.92194 -76.54935 -17.64064 -76.83064 curveto
-17.35934 -77.11194 -16.97784 -77.27 -16.58 -77.27 curveto
-16.18216 -77.27 -15.80066 -77.11194 -15.51936 -76.83064 curveto
-15.23807 -76.54935 -15.08 -76.16785 -15.08 -75.77 curveto closepath fill
 0.1 0.88333 0 0.4 setcmykcolor
newpath -15.08 -75.77 moveto
-15.08 -75.37216 -15.23807 -74.99066 -15.51936 -74.70937 curveto
-15.80066 -74.42807 -16.18216 -74.27 -16.58 -74.27 curveto
-16.97784 -74.27 -17.35934 -74.42807 -17.64064 -74.70937 curveto
-17.92194 -74.99066 -18.08 -75.37216 -18.08 -75.77 curveto
-18.08 -76.16785 -17.92194 -76.54935 -17.64064 -76.83064 curveto
-17.35934 -77.11194 -16.97784 -77.27 -16.58 -77.27 curveto
-16.18216 -77.27 -15.80066 -77.11194 -15.51936 -76.83064 curveto
-15.23807 -76.54935 -15.08 -76.16785 -15.08 -75.77 curveto closepath stroke
-1 THsetalpha
 0 0 0.10417 0.04 setcmykcolor
newpath -19.27 -44.29 moveto
-19.27 -43.89215 -19.42807 -43.51065 -19.70937 -43.22935 curveto
-19.99066 -42.94806 -20.37216 -42.79 -20.77 -42.79 curveto
-21.16785 -42.79 -21.54935 -42.94806 -21.83064 -43.22935 curveto
-22.11194 -43.51065 -22.27 -43.89215 -22.27 -44.29 curveto
-22.27 -44.68784 -22.11194 -45.06934 -21.83064 -45.35063 curveto
-21.54935 -45.63193 -21.16785 -45.79 -20.77 -45.79 curveto
-20.37216 -45.79 -19.99066 -45.63193 -19.70937 -45.35063 curveto
-19.42807 -45.06934 -19.27 -44.68784 -19.27 -44.29 curveto closepath fill
 0.1 0.88333 0 0.4 setcmykcolor
newpath -19.27 -44.29 moveto
-19.27 -43.89215 -19.42807 -43.51065 -19.70937 -43.22935 curveto
-19.99066 -42.94806 -20.37216 -42.79 -20.77 -42.79 curveto
-21.16785 -42.79 -21.54935 -42.94806 -21.83064 -43.22935 curveto
-22.11194 -43.51065 -22.27 -43.89215 -22.27 -44.29 curveto
-22.27 -44.68784 -22.11194 -45.06934 -21.83064 -45.35063 curveto
-21.54935 -45.63193 -21.16785 -45.79 -20.77 -45.79 curveto
-20.37216 -45.79 -19.99066 -45.63193 -19.70937 -45.35063 curveto
-19.42807 -45.06934 -19.27 -44.68784 -19.27 -44.29 curveto closepath stroke
-1 THsetalpha
 0 0 0.10417 0.04 setcmykcolor
newpath -15.08 -75.77 moveto
-15.08 -75.37216 -15.23807 -74.99066 -15.51936 -74.70937 curveto
-15.80066 -74.42807 -16.18216 -74.27 -16.58 -74.27 curveto
-16.97784 -74.27 -17.35934 -74.42807 -17.64064 -74.70937 curveto
-17.92194 -74.99066 -18.08 -75.37216 -18.08 -75.77 curveto
-18.08 -76.16785 -17.92194 -76.54935 -17.64064 -76.83064 curveto
-17.35934 -77.11194 -16.97784 -77.27 -16.58 -77.27 curveto
-16.18216 -77.27 -15.80066 -77.11194 -15.51936 -76.83064 curveto
-15.23807 -76.54935 -15.08 -76.16785 -15.08 -75.77 curveto closepath fill
 0.1 0.88333 0 0.4 setcmykcolor
newpath -15.08 -75.77 moveto
-15.08 -75.37216 -15.23807 -74.99066 -15.51936 -74.70937 curveto
-15.80066 -74.42807 -16.18216 -74.27 -16.58 -74.27 curveto
-16.97784 -74.27 -17.35934 -74.42807 -17.64064 -74.70937 curveto
-17.92194 -74.99066 -18.08 -75.37216 -18.08 -75.77 curveto
-18.08 -76.16785 -17.92194 -76.54935 -17.64064 -76.83064 curveto
-17.35934 -77.11194 -16.97784 -77.27 -16.58 -77.27 curveto
-16.18216 -77.27 -15.80066 -77.11194 -15.51936 -76.83064 curveto
-15.23807 -76.54935 -15.08 -76.16785 -15.08 -75.77 curveto closepath stroke
showpage
%%EOF
