%!PS
%%BoundingBox: -82 -70 54 73 
%%HiResBoundingBox: -81.64 -69.45866 53.37949 72.8 
%%Creator: MetaPost 2.02
%%CreationDate: 2023.12.12:1531
%%Pages: 1
%%BeginProlog
%%EndProlog
%%Page: 1 1
 0 0 0 1 setcmykcolor 0 1.2 dtransform truncate idtransform setlinewidth pop
 [] 0 setdash 1 setlinecap 1 setlinejoin 10 setmiterlimit
newpath -55.4 -48.96 moveto
-55.4 -48.96 -62.2 -50.51 -60.27 -47.36 curveto stroke
newpath -65.88 -49.22 moveto
-65.88 -49.22 -62.52 -57.6 -74.53 -58.76 curveto
-79.96 -59.29 -81.04 -61.89 -81.04 -61.89 curveto stroke
newpath -79.03 -63.1 moveto
-73.6 -60.39 lineto
-73.6 -60.39 -68.6 -59.28 -63.62 -61.73 curveto
-48.03 -69.4 -47.38 -68.85 -47.38 -68.85 curveto stroke
newpath -38.8 -62.73 moveto
-38.8 -62.73 -62.31 -53.73 -52.59 -53.98 curveto
-43.09 -54.23 4.52 -46.51 4.52 -46.51 curveto
45.65 -34.15 lineto
45.65 -34.15 57.21 -32.74 50.89 -11.95 curveto
44.56 8.85 41.4 18.64 41.4 18.64 curveto stroke
 0.83 0.54 0 0 setcmykcolor 0 0.42001
 dtransform truncate idtransform setlinewidth pop
newpath -59.42 -54 moveto
-60.59349 -56.65498 -55.82309 -56.75124 -55.62059 -58.79399 curveto
-55.34445 -61.57954 -52.018 -62.87384 -49.06235 -61.68399 curveto
-46.0671 -60.4782 -42.66805 -61.37984 -42.30338 -64.0782 curveto
-41.90701 -67.01108 -37.9845 -65.45363 -35.46 -66.22 curveto
-35.46 -66.22 lineto stroke
newpath -39.2435 -67.51811 moveto
-38.02888 -67.0615 -36.6996 -66.34184 -35.46 -66.22 curveto
-35.46 -66.22 lineto
-35.46 -66.22 lineto
-36.42268 -65.42961 -37.87148 -64.9985 -39.05322 -64.46251 curveto
 closepath stroke
newpath -39.2435 -67.51811 moveto
-38.02888 -67.0615 -36.6996 -66.34184 -35.46 -66.22 curveto
-35.46 -66.22 lineto
-35.46 -66.22 lineto
-36.42268 -65.42961 -37.87148 -64.9985 -39.05322 -64.46251 curveto
 closepath fill
newpath 14.3 -34.74 moveto
13.2726 -37.74667 9.84502 -38.99448 7.84998 -37.05501 curveto
5.8293 -35.0906 3.75964 -38.52307 1.4 -39.37 curveto
1.4 -39.37 lineto stroke
newpath 3.64168 -36.05717 moveto
2.93645 -37.12682 2.3241 -38.53076 1.4 -39.37 curveto
1.4 -39.37 lineto
1.4 -39.37 lineto
2.64685 -39.43002 4.07262 -38.87032 5.32765 -38.61266 curveto
 closepath stroke
newpath 3.64168 -36.05717 moveto
2.93645 -37.12682 2.3241 -38.53076 1.4 -39.37 curveto
1.4 -39.37 lineto
1.4 -39.37 lineto
2.64685 -39.43002 4.07262 -38.87032 5.32765 -38.61266 curveto
 closepath fill
newpath -1.96 47 moveto
1.10078 48.47643 4.60019 44.27037 2.28635 39.70863 curveto
0.79259 36.76367 4.91676 34.93959 6.21 32.24 curveto
6.21 32.24 lineto stroke
newpath 2.69272 34.14508 moveto
3.91794 33.59244 5.26787 33.08542 6.21 32.24 curveto
6.21 32.24 lineto
6.21 32.24 lineto
6.14162 33.504 5.54562 34.81708 5.07007 36.07422 curveto
 closepath stroke
newpath 2.69272 34.14508 moveto
3.91794 33.59244 5.26787 33.08542 6.21 32.24 curveto
6.21 32.24 lineto
6.21 32.24 lineto
6.14162 33.504 5.54562 34.81708 5.07007 36.07422 curveto
 closepath fill
 0 0 0 1 setcmykcolor 0 1.2 dtransform truncate idtransform setlinewidth pop
newpath 41.4 18.64 moveto
41.4 18.64 29.78 37.32 14.84 46.99 curveto
0.07 56.54 1.51 62.78 -11.44 67.32 curveto
-24.82 72.02 -43.87 72.2 -43.87 72.2 curveto stroke
newpath -47.78 65.58 moveto
-38.27 70.85 -33.12 62.31 -27.97 61.67 curveto
-22.81 61.03 -9.41 42.74 -9.41 42.74 curveto
8.58 5.57 lineto
8.58 5.57 15.61 -7.94 15.82 -9.08 curveto
16.02 -10.22 18.42 -10.74 24.01 -15.26 curveto
29.52 -19.71 25 -23.33 23.38 -26.65 curveto
21.77 -29.97 -55.4 -48.96 -55.4 -48.96 curveto stroke
-1 THsetalpha
 0 0 0.10417 0.04 setcmykcolor
newpath -61.41 -51.07 moveto
-61.41 -50.67216 -61.56807 -50.29066 -61.84937 -50.00937 curveto
-62.13066 -49.72807 -62.51216 -49.57 -62.91 -49.57 curveto
-63.30785 -49.57 -63.68935 -49.72807 -63.97064 -50.00937 curveto
-64.25194 -50.29066 -64.41 -50.67216 -64.41 -51.07 curveto
-64.41 -51.46785 -64.25194 -51.84935 -63.97064 -52.13065 curveto
-63.68935 -52.41194 -63.30785 -52.57 -62.91 -52.57 curveto
-62.51216 -52.57 -62.13066 -52.41194 -61.84937 -52.13065 curveto
-61.56807 -51.84935 -61.41 -51.46785 -61.41 -51.07 curveto closepath fill
 0.1 0.88333 0 0.4 setcmykcolor 0 0.6
 dtransform truncate idtransform setlinewidth pop
newpath -61.41 -51.07 moveto
-61.41 -50.67216 -61.56807 -50.29066 -61.84937 -50.00937 curveto
-62.13066 -49.72807 -62.51216 -49.57 -62.91 -49.57 curveto
-63.30785 -49.57 -63.68935 -49.72807 -63.97064 -50.00937 curveto
-64.25194 -50.29066 -64.41 -50.67216 -64.41 -51.07 curveto
-64.41 -51.46785 -64.25194 -51.84935 -63.97064 -52.13065 curveto
-63.68935 -52.41194 -63.30785 -52.57 -62.91 -52.57 curveto
-62.51216 -52.57 -62.13066 -52.41194 -61.84937 -52.13065 curveto
-61.56807 -51.84935 -61.41 -51.46785 -61.41 -51.07 curveto closepath stroke
-1 THsetalpha
 0 0 0.10417 0.04 setcmykcolor
newpath -61.08 -61.63 moveto
-61.08 -61.23216 -61.23807 -60.85066 -61.51936 -60.56937 curveto
-61.80066 -60.28807 -62.18216 -60.13 -62.58 -60.13 curveto
-62.97784 -60.13 -63.35934 -60.28807 -63.64064 -60.56937 curveto
-63.92194 -60.85066 -64.08 -61.23216 -64.08 -61.63 curveto
-64.08 -62.02785 -63.92194 -62.40935 -63.64064 -62.69064 curveto
-63.35934 -62.97194 -62.97784 -63.13 -62.58 -63.13 curveto
-62.18216 -63.13 -61.80066 -62.97194 -61.51936 -62.69064 curveto
-61.23807 -62.40935 -61.08 -62.02785 -61.08 -61.63 curveto closepath fill
 0.1 0.88333 0 0.4 setcmykcolor
newpath -61.08 -61.63 moveto
-61.08 -61.23216 -61.23807 -60.85066 -61.51936 -60.56937 curveto
-61.80066 -60.28807 -62.18216 -60.13 -62.58 -60.13 curveto
-62.97784 -60.13 -63.35934 -60.28807 -63.64064 -60.56937 curveto
-63.92194 -60.85066 -64.08 -61.23216 -64.08 -61.63 curveto
-64.08 -62.02785 -63.92194 -62.40935 -63.64064 -62.69064 curveto
-63.35934 -62.97194 -62.97784 -63.13 -62.58 -63.13 curveto
-62.18216 -63.13 -61.80066 -62.97194 -61.51936 -62.69064 curveto
-61.23807 -62.40935 -61.08 -62.02785 -61.08 -61.63 curveto closepath stroke
-1 THsetalpha
 0 0 0.10417 0.04 setcmykcolor
newpath 39.97 -26.76 moveto
39.97 -26.36215 39.81194 -25.98065 39.53064 -25.69936 curveto
39.24934 -25.41806 38.86784 -25.26 38.47 -25.26 curveto
38.07216 -25.26 37.69066 -25.41806 37.40936 -25.69936 curveto
37.12807 -25.98065 36.97 -26.36215 36.97 -26.76 curveto
36.97 -27.15784 37.12807 -27.53934 37.40936 -27.82063 curveto
37.69066 -28.10193 38.07216 -28.26 38.47 -28.26 curveto
38.86784 -28.26 39.24934 -28.10193 39.53064 -27.82063 curveto
39.81194 -27.53934 39.97 -27.15784 39.97 -26.76 curveto closepath fill
 0.1 0.88333 0 0.4 setcmykcolor
newpath 39.97 -26.76 moveto
39.97 -26.36215 39.81194 -25.98065 39.53064 -25.69936 curveto
39.24934 -25.41806 38.86784 -25.26 38.47 -25.26 curveto
38.07216 -25.26 37.69066 -25.41806 37.40936 -25.69936 curveto
37.12807 -25.98065 36.97 -26.36215 36.97 -26.76 curveto
36.97 -27.15784 37.12807 -27.53934 37.40936 -27.82063 curveto
37.69066 -28.10193 38.07216 -28.26 38.47 -28.26 curveto
38.86784 -28.26 39.24934 -28.10193 39.53064 -27.82063 curveto
39.81194 -27.53934 39.97 -27.15784 39.97 -26.76 curveto closepath stroke
-1 THsetalpha
 0 0 0.10417 0.04 setcmykcolor
newpath 26.85 3.57 moveto
26.85 3.96785 26.69194 4.34935 26.41064 4.63065 curveto
26.12935 4.91194 25.74785 5.07 25.35 5.07 curveto
24.95216 5.07 24.57066 4.91194 24.28937 4.63065 curveto
24.00807 4.34935 23.85 3.96785 23.85 3.57 curveto
23.85 3.17216 24.00807 2.79066 24.28937 2.50937 curveto
24.57066 2.22807 24.95216 2.07 25.35 2.07 curveto
25.74785 2.07 26.12935 2.22807 26.41064 2.50937 curveto
26.69194 2.79066 26.85 3.17216 26.85 3.57 curveto closepath fill
 0.1 0.88333 0 0.4 setcmykcolor
newpath 26.85 3.57 moveto
26.85 3.96785 26.69194 4.34935 26.41064 4.63065 curveto
26.12935 4.91194 25.74785 5.07 25.35 5.07 curveto
24.95216 5.07 24.57066 4.91194 24.28937 4.63065 curveto
24.00807 4.34935 23.85 3.96785 23.85 3.57 curveto
23.85 3.17216 24.00807 2.79066 24.28937 2.50937 curveto
24.57066 2.22807 24.95216 2.07 25.35 2.07 curveto
25.74785 2.07 26.12935 2.22807 26.41064 2.50937 curveto
26.69194 2.79066 26.85 3.17216 26.85 3.57 curveto closepath stroke
-1 THsetalpha
 0 0 0.10417 0.04 setcmykcolor
newpath 2.97 44.56 moveto
2.97 44.95784 2.81194 45.33934 2.53064 45.62064 curveto
2.24934 45.90193 1.86784 46.06 1.47 46.06 curveto
1.07216 46.06 0.69066 45.90193 0.40936 45.62064 curveto
0.12807 45.33934 -0.03 44.95784 -0.03 44.56 curveto
-0.03 44.16216 0.12807 43.78065 0.40936 43.49936 curveto
0.69066 43.21806 1.07216 43.06 1.47 43.06 curveto
1.86784 43.06 2.24934 43.21806 2.53064 43.49936 curveto
2.81194 43.78065 2.97 44.16216 2.97 44.56 curveto closepath fill
 0.1 0.88333 0 0.4 setcmykcolor
newpath 2.97 44.56 moveto
2.97 44.95784 2.81194 45.33934 2.53064 45.62064 curveto
2.24934 45.90193 1.86784 46.06 1.47 46.06 curveto
1.07216 46.06 0.69066 45.90193 0.40936 45.62064 curveto
0.12807 45.33934 -0.03 44.95784 -0.03 44.56 curveto
-0.03 44.16216 0.12807 43.78065 0.40936 43.49936 curveto
0.69066 43.21806 1.07216 43.06 1.47 43.06 curveto
1.86784 43.06 2.24934 43.21806 2.53064 43.49936 curveto
2.81194 43.78065 2.97 44.16216 2.97 44.56 curveto closepath stroke
-1 THsetalpha
 0 0 0.10417 0.04 setcmykcolor
newpath -25.35 64.3 moveto
-25.35 64.69785 -25.50807 65.07935 -25.78937 65.36064 curveto
-26.07066 65.64194 -26.45216 65.8 -26.85 65.8 curveto
-27.24785 65.8 -27.62935 65.64194 -27.91064 65.36064 curveto
-28.19194 65.07935 -28.35 64.69785 -28.35 64.3 curveto
-28.35 63.90216 -28.19194 63.52066 -27.91064 63.23936 curveto
-27.62935 62.95807 -27.24785 62.8 -26.85 62.8 curveto
-26.45216 62.8 -26.07066 62.95807 -25.78937 63.23936 curveto
-25.50807 63.52066 -25.35 63.90216 -25.35 64.3 curveto closepath fill
 0.1 0.88333 0 0.4 setcmykcolor
newpath -25.35 64.3 moveto
-25.35 64.69785 -25.50807 65.07935 -25.78937 65.36064 curveto
-26.07066 65.64194 -26.45216 65.8 -26.85 65.8 curveto
-27.24785 65.8 -27.62935 65.64194 -27.91064 65.36064 curveto
-28.19194 65.07935 -28.35 64.69785 -28.35 64.3 curveto
-28.35 63.90216 -28.19194 63.52066 -27.91064 63.23936 curveto
-27.62935 62.95807 -27.24785 62.8 -26.85 62.8 curveto
-26.45216 62.8 -26.07066 62.95807 -25.78937 63.23936 curveto
-25.50807 63.52066 -25.35 63.90216 -25.35 64.3 curveto closepath stroke
showpage
%%EOF
