%!PS
%%BoundingBox: -226 -126 228 127 
%%HiResBoundingBox: -225.42902 -125.63 227.40001 126.75 
%%Creator: MetaPost 2.02
%%CreationDate: 2023.12.12:1531
%%Pages: 1
%%BeginProlog
%%EndProlog
%%Page: 1 1
 0 0 0 1 setcmykcolor 0 1.2 dtransform truncate idtransform setlinewidth pop
 [] 0 setdash 1 setlinecap 1 setlinejoin 10 setmiterlimit
newpath 142.38 97.77 moveto
140.75 93.88 103.41 77.81 96.99 71.63 curveto
90.46 65.35 47.2 52.03 44.07 46.21 curveto
39.52 37.78 43.72 8.57 36.35 1.35 curveto
31.61 -3.28 18.45 11.57 2.29 5.13 curveto
-13.87 -1.32 -19.47 -28.08 -22.7 -35.49 curveto
-25.94 -42.91 -90.91 -83.07 -94.27 -85.44 curveto
-97.63 -87.8 -117.24 -83.27 -120.47 -83.11 curveto
-123.71 -82.96 -136.55 -87.76 -140.95 -96.92 curveto
-145.35 -106.08 -190.92 -94.19 -194.46 -92.94 curveto
-198.01 -91.69 -200.77 -89.03 -201.06 -87.58 curveto stroke
newpath 112.01 88.22 moveto
111.94 90.56 102.41 98.58 103.91 99.77 curveto
105.41 100.96 113.31 100.41 113.74 101.83 curveto
114.17 103.25 114.63 112.96 116.43 116.84 curveto
118.24 120.72 141.24 107.91 145.61 105.18 curveto
149.99 102.45 143.9 99.49 142.38 97.77 curveto stroke
 [3.60022 3.60022 ] 0 setdash
newpath 225.31 91.13 moveto
223.88 91.38 216.27 90.48 214.82 90.37 curveto stroke
 [] 0 setdash
newpath 214.82 90.37 moveto
213.38 90.25 173.78 83.67 168.32 82.48 curveto
162.86 81.3 161.61 89.11 163.69 91.17 curveto
165.18 92.65 162.26 102.95 161.45 104.79 curveto
160.64 106.63 142.78 117.57 139.08 119.37 curveto
135.38 121.17 111.1 125.92 108.2 125.52 curveto
105.29 125.12 96.42 108.96 95.25 107.03 curveto
94.07 105.11 87.71 88.65 87.71 88.65 curveto stroke
newpath 152.19 80.54 moveto
157.91 83.33 160.48 72.76 161.69 71.8 curveto
162.91 70.85 215.1 80.98 217.13 81.97 curveto stroke
 [3.60022 3.60022 ] 0 setdash
newpath 217.13 81.97 moveto
219.16 82.95 225.52 84.09 226.8 84.57 curveto stroke
 [] 0 setdash
newpath -201.06 -87.58 moveto
-201.35 -86.12 -200.43 -59.14 -198.15 -56.72 curveto
-195.87 -54.31 -185.77 -54.07 -185.19 -49.41 curveto
-184.61 -44.75 -177.72 -40.03 -177.31 -35.37 curveto
-176.38 -24.55 -186 -13.33 -182.69 -4.47 curveto
-179.39 4.38 -207.39 14.36 -215.81 11.52 curveto
-224.24 8.68 -222.66 -3.65 -224.67 -7.88 curveto
-226.67 -12.11 -208.86 -16.57 -223.96 -30.99 curveto
-228.28 -35.11 -206.22 -52.01 -205.34 -56.38 curveto
-204.47 -60.75 -209.86 -98.33 -208.95 -101.98 curveto stroke
newpath -208.95 -101.98 moveto
-208.04 -105.62 -198.73 -99.22 -196.55 -98.96 curveto
-194.38 -98.71 -136.2 -118.41 -136.2 -118.41 curveto stroke
newpath -136.2 -118.41 moveto
-132.21 -117.87 -111.1 -113.47 -106.79 -106.11 curveto
-102.47 -98.74 -97.76 -98.25 -94.46 -96.96 curveto
-91.15 -95.68 -83.43 -100.01 -81.36 -94.34 curveto
-79.29 -88.67 -12.82 -47.5 -3.27 -43.62 curveto
6.29 -39.75 38.94 -35.17 42.96 -26.36 curveto
46.98 -17.54 57.77 0.87 61.71 4.11 curveto
65.1 6.9 89.7 28.19 95.49 36.2 curveto
101.27 44.22 133.54 74.76 152.19 80.54 curveto stroke
 0.83 0.54 0 0 setcmykcolor 0 0.42001
 dtransform truncate idtransform setlinewidth pop
newpath -192.08 -12.32 moveto
-191.94363 -9.75609 -190.61064 -7.27658 -188.25333 -7.22012 curveto
-185.26648 -7.14859 -183.34677 -4.19795 -184.72835 -1.90758 curveto
-186.29095 0.68294 -184.48868 3.90016 -181.7012 3.70009 curveto
-179.19685 3.52034 -180.0524 6.97943 -180.21 9.83 curveto
-180.21 9.83 lineto stroke
newpath -178.43945 6.24316 moveto
-178.84949 7.33884 -179.62724 8.6172 -180.21 9.83 curveto
-180.21 9.83 lineto
-180.21 9.83 lineto
-180.65553 8.56035 -181.00955 7.10648 -181.49438 6.04178 curveto
 closepath stroke
newpath -178.43945 6.24316 moveto
-178.84949 7.33884 -179.62724 8.6172 -180.21 9.83 curveto
-180.21 9.83 lineto
-180.21 9.83 lineto
-180.65553 8.56035 -181.00955 7.10648 -181.49438 6.04178 curveto
 closepath fill
newpath -125 -125.42 moveto
-127.4975 -124.97177 -128.48865 -121.85666 -126.88663 -119.56676 curveto
-125.54167 -117.6443 -126.60603 -115.0256 -128.77328 -113.71352 curveto
-130.67918 -112.55965 -130.00334 -109.89731 -130.66 -107.86 curveto
-130.66 -107.86 lineto stroke
newpath -128.58731 -111.28116 moveto
-129.33458 -110.26364 -129.81152 -108.85815 -130.66 -107.86 curveto
-130.66 -107.86 lineto
-130.66 -107.86 lineto
-130.76587 -109.16577 -131.42247 -110.49683 -131.61359 -111.74472 curveto
 closepath stroke
newpath -128.58731 -111.28116 moveto
-129.33458 -110.26364 -129.81152 -108.85815 -130.66 -107.86 curveto
-130.66 -107.86 lineto
-130.66 -107.86 lineto
-130.76587 -109.16577 -131.42247 -110.49683 -131.61359 -111.74472 curveto
 closepath fill
 0 0 0 1 setcmykcolor 0 0.6 dtransform truncate idtransform setlinewidth pop
newpath -175.46861 -115.33849 moveto
-155.52707 -123.63922 lineto stroke
newpath -172.51332 -119.16823 moveto
-172.43391 -117.41893 -173.80606 -116.03053 -175.46861 -115.33849 curveto stroke
newpath -170.66875 -114.73686 moveto
-171.85402 -116.02583 -173.80606 -116.03053 -175.46861 -115.33849 curveto stroke
newpath -155.52707 -123.63922 moveto
-152.3891 -122.34583 lineto stroke
newpath -157.74277 -122.71693 moveto
-154.60478 -121.42354 lineto stroke
newpath -159.95845 -121.79465 moveto
-156.82048 -120.50125 lineto stroke
-1 THsetalpha
 0 0 0.10417 0.04 setcmykcolor
newpath -163.5605 -116.39578 moveto
-164.44202 -116.02885 -165.4331 -116.02722 -166.31583 -116.39105 curveto
-167.19855 -116.7549 -167.90065 -117.45442 -168.26758 -118.33594 curveto
-168.6345 -119.21745 -168.63614 -120.20854 -168.27231 -121.09128 curveto
-167.90848 -121.974 -167.20895 -122.6761 -166.32744 -123.04303 curveto
-165.4459 -123.40997 -164.45483 -123.41159 -163.5721 -123.04776 curveto
-162.68938 -122.68391 -161.98727 -121.98439 -161.62035 -121.10287 curveto
-161.25342 -120.22136 -161.25179 -119.23027 -161.61562 -118.34753 curveto
-161.97946 -117.46481 -162.67897 -116.76273 -163.5605 -116.39578 curveto closepath fill
 0 0 0 1 setcmykcolor
newpath -164.63475 -122.09943 moveto
-165.253 -117.33946 lineto stroke
newpath -163.03731 -118.26175 moveto
-166.85045 -121.17714 lineto stroke
newpath -162.72827 -120.6417 moveto
-167.15965 -118.79712 lineto stroke
-1 THsetalpha
 0 0 0.10417 0.04 setcmykcolor
newpath -216.82 -11.44 moveto
-216.82 -11.04216 -216.97807 -10.66066 -217.25937 -10.37936 curveto
-217.54066 -10.09807 -217.92216 -9.94 -218.32 -9.94 curveto
-218.71785 -9.94 -219.09935 -10.09807 -219.38065 -10.37936 curveto
-219.66194 -10.66066 -219.82 -11.04216 -219.82 -11.44 curveto
-219.82 -11.83784 -219.66194 -12.21935 -219.38065 -12.50064 curveto
-219.09935 -12.78194 -218.71785 -12.94 -218.32 -12.94 curveto
-217.92216 -12.94 -217.54066 -12.78194 -217.25937 -12.50064 curveto
-216.97807 -12.21935 -216.82 -11.83784 -216.82 -11.44 curveto closepath fill
 0.1 0.88333 0 0.4 setcmykcolor
newpath -216.82 -11.44 moveto
-216.82 -11.04216 -216.97807 -10.66066 -217.25937 -10.37936 curveto
-217.54066 -10.09807 -217.92216 -9.94 -218.32 -9.94 curveto
-218.71785 -9.94 -219.09935 -10.09807 -219.38065 -10.37936 curveto
-219.66194 -10.66066 -219.82 -11.04216 -219.82 -11.44 curveto
-219.82 -11.83784 -219.66194 -12.21935 -219.38065 -12.50064 curveto
-219.09935 -12.78194 -218.71785 -12.94 -218.32 -12.94 curveto
-217.92216 -12.94 -217.54066 -12.78194 -217.25937 -12.50064 curveto
-216.97807 -12.21935 -216.82 -11.83784 -216.82 -11.44 curveto closepath stroke
-1 THsetalpha
 0 0 0.10417 0.04 setcmykcolor
newpath -209.88 -23.86 moveto
-209.88 -23.46216 -210.03807 -23.08066 -210.31937 -22.79936 curveto
-210.60066 -22.51807 -210.98216 -22.36 -211.38 -22.36 curveto
-211.77785 -22.36 -212.15935 -22.51807 -212.44064 -22.79936 curveto
-212.72194 -23.08066 -212.88 -23.46216 -212.88 -23.86 curveto
-212.88 -24.25784 -212.72194 -24.63934 -212.44064 -24.92064 curveto
-212.15935 -25.20193 -211.77785 -25.36 -211.38 -25.36 curveto
-210.98216 -25.36 -210.60066 -25.20193 -210.31937 -24.92064 curveto
-210.03807 -24.63934 -209.88 -24.25784 -209.88 -23.86 curveto closepath fill
 0.1 0.88333 0 0.4 setcmykcolor
newpath -209.88 -23.86 moveto
-209.88 -23.46216 -210.03807 -23.08066 -210.31937 -22.79936 curveto
-210.60066 -22.51807 -210.98216 -22.36 -211.38 -22.36 curveto
-211.77785 -22.36 -212.15935 -22.51807 -212.44064 -22.79936 curveto
-212.72194 -23.08066 -212.88 -23.46216 -212.88 -23.86 curveto
-212.88 -24.25784 -212.72194 -24.63934 -212.44064 -24.92064 curveto
-212.15935 -25.20193 -211.77785 -25.36 -211.38 -25.36 curveto
-210.98216 -25.36 -210.60066 -25.20193 -210.31937 -24.92064 curveto
-210.03807 -24.63934 -209.88 -24.25784 -209.88 -23.86 curveto closepath stroke
-1 THsetalpha
 0 0 0.10417 0.04 setcmykcolor
newpath -201.37 -52.81 moveto
-201.37 -52.41216 -201.52806 -52.03065 -201.80936 -51.74936 curveto
-202.09065 -51.46806 -202.47215 -51.31 -202.87 -51.31 curveto
-203.26784 -51.31 -203.64934 -51.46806 -203.93063 -51.74936 curveto
-204.21193 -52.03065 -204.37 -52.41216 -204.37 -52.81 curveto
-204.37 -53.20784 -204.21193 -53.58934 -203.93063 -53.87064 curveto
-203.64934 -54.15193 -203.26784 -54.31 -202.87 -54.31 curveto
-202.47215 -54.31 -202.09065 -54.15193 -201.80936 -53.87064 curveto
-201.52806 -53.58934 -201.37 -53.20784 -201.37 -52.81 curveto closepath fill
 0.1 0.88333 0 0.4 setcmykcolor
newpath -201.37 -52.81 moveto
-201.37 -52.41216 -201.52806 -52.03065 -201.80936 -51.74936 curveto
-202.09065 -51.46806 -202.47215 -51.31 -202.87 -51.31 curveto
-203.26784 -51.31 -203.64934 -51.46806 -203.93063 -51.74936 curveto
-204.21193 -52.03065 -204.37 -52.41216 -204.37 -52.81 curveto
-204.37 -53.20784 -204.21193 -53.58934 -203.93063 -53.87064 curveto
-203.64934 -54.15193 -203.26784 -54.31 -202.87 -54.31 curveto
-202.47215 -54.31 -202.09065 -54.15193 -201.80936 -53.87064 curveto
-201.52806 -53.58934 -201.37 -53.20784 -201.37 -52.81 curveto closepath stroke
-1 THsetalpha
 0 0 0.10417 0.04 setcmykcolor
newpath -205.84 -99.03 moveto
-205.84 -98.63216 -205.99806 -98.25066 -206.27936 -97.96936 curveto
-206.56065 -97.68806 -206.94215 -97.53 -207.34 -97.53 curveto
-207.73784 -97.53 -208.11934 -97.68806 -208.40063 -97.96936 curveto
-208.68193 -98.25066 -208.84 -98.63216 -208.84 -99.03 curveto
-208.84 -99.42784 -208.68193 -99.80934 -208.40063 -100.09064 curveto
-208.11934 -100.37193 -207.73784 -100.53 -207.34 -100.53 curveto
-206.94215 -100.53 -206.56065 -100.37193 -206.27936 -100.09064 curveto
-205.99806 -99.80934 -205.84 -99.42784 -205.84 -99.03 curveto closepath fill
 0.1 0.88333 0 0.4 setcmykcolor
newpath -205.84 -99.03 moveto
-205.84 -98.63216 -205.99806 -98.25066 -206.27936 -97.96936 curveto
-206.56065 -97.68806 -206.94215 -97.53 -207.34 -97.53 curveto
-207.73784 -97.53 -208.11934 -97.68806 -208.40063 -97.96936 curveto
-208.68193 -98.25066 -208.84 -98.63216 -208.84 -99.03 curveto
-208.84 -99.42784 -208.68193 -99.80934 -208.40063 -100.09064 curveto
-208.11934 -100.37193 -207.73784 -100.53 -207.34 -100.53 curveto
-206.94215 -100.53 -206.56065 -100.37193 -206.27936 -100.09064 curveto
-205.99806 -99.80934 -205.84 -99.42784 -205.84 -99.03 curveto closepath stroke
-1 THsetalpha
 0 0 0.10417 0.04 setcmykcolor
newpath -197.42 -94.97 moveto
-197.42 -94.57216 -197.57806 -94.19066 -197.85936 -93.90936 curveto
-198.14066 -93.62807 -198.52216 -93.47 -198.92 -93.47 curveto
-199.31784 -93.47 -199.69934 -93.62807 -199.98064 -93.90936 curveto
-200.26193 -94.19066 -200.42 -94.57216 -200.42 -94.97 curveto
-200.42 -95.36784 -200.26193 -95.74934 -199.98064 -96.03064 curveto
-199.69934 -96.31194 -199.31784 -96.47 -198.92 -96.47 curveto
-198.52216 -96.47 -198.14066 -96.31194 -197.85936 -96.03064 curveto
-197.57806 -95.74934 -197.42 -95.36784 -197.42 -94.97 curveto closepath fill
 0.1 0.88333 0 0.4 setcmykcolor
newpath -197.42 -94.97 moveto
-197.42 -94.57216 -197.57806 -94.19066 -197.85936 -93.90936 curveto
-198.14066 -93.62807 -198.52216 -93.47 -198.92 -93.47 curveto
-199.31784 -93.47 -199.69934 -93.62807 -199.98064 -93.90936 curveto
-200.26193 -94.19066 -200.42 -94.57216 -200.42 -94.97 curveto
-200.42 -95.36784 -200.26193 -95.74934 -199.98064 -96.03064 curveto
-199.69934 -96.31194 -199.31784 -96.47 -198.92 -96.47 curveto
-198.52216 -96.47 -198.14066 -96.31194 -197.85936 -96.03064 curveto
-197.57806 -95.74934 -197.42 -95.36784 -197.42 -94.97 curveto closepath stroke
-1 THsetalpha
 0 0 0.10417 0.04 setcmykcolor
newpath -134.92 -114.81 moveto
-134.92 -114.41216 -135.07806 -114.03065 -135.35936 -113.74936 curveto
-135.64066 -113.46806 -136.02216 -113.31 -136.42 -113.31 curveto
-136.81784 -113.31 -137.19934 -113.46806 -137.48064 -113.74936 curveto
-137.76193 -114.03065 -137.92 -114.41216 -137.92 -114.81 curveto
-137.92 -115.20784 -137.76193 -115.58934 -137.48064 -115.87064 curveto
-137.19934 -116.15193 -136.81784 -116.31 -136.42 -116.31 curveto
-136.02216 -116.31 -135.64066 -116.15193 -135.35936 -115.87064 curveto
-135.07806 -115.58934 -134.92 -115.20784 -134.92 -114.81 curveto closepath fill
 0.1 0.88333 0 0.4 setcmykcolor
newpath -134.92 -114.81 moveto
-134.92 -114.41216 -135.07806 -114.03065 -135.35936 -113.74936 curveto
-135.64066 -113.46806 -136.02216 -113.31 -136.42 -113.31 curveto
-136.81784 -113.31 -137.19934 -113.46806 -137.48064 -113.74936 curveto
-137.76193 -114.03065 -137.92 -114.41216 -137.92 -114.81 curveto
-137.92 -115.20784 -137.76193 -115.58934 -137.48064 -115.87064 curveto
-137.19934 -116.15193 -136.81784 -116.31 -136.42 -116.31 curveto
-136.02216 -116.31 -135.64066 -116.15193 -135.35936 -115.87064 curveto
-135.07806 -115.58934 -134.92 -115.20784 -134.92 -114.81 curveto closepath stroke
-1 THsetalpha
 0 0 0.10417 0.04 setcmykcolor
newpath -108.95 -99.53 moveto
-108.95 -99.13216 -109.10806 -98.75066 -109.38936 -98.46936 curveto
-109.67065 -98.18806 -110.05215 -98.03 -110.45 -98.03 curveto
-110.84784 -98.03 -111.22934 -98.18806 -111.51064 -98.46936 curveto
-111.79193 -98.75066 -111.95 -99.13216 -111.95 -99.53 curveto
-111.95 -99.92784 -111.79193 -100.30934 -111.51064 -100.59064 curveto
-111.22934 -100.87193 -110.84784 -101.03 -110.45 -101.03 curveto
-110.05215 -101.03 -109.67065 -100.87193 -109.38936 -100.59064 curveto
-109.10806 -100.30934 -108.95 -99.92784 -108.95 -99.53 curveto closepath fill
 0.1 0.88333 0 0.4 setcmykcolor
newpath -108.95 -99.53 moveto
-108.95 -99.13216 -109.10806 -98.75066 -109.38936 -98.46936 curveto
-109.67065 -98.18806 -110.05215 -98.03 -110.45 -98.03 curveto
-110.84784 -98.03 -111.22934 -98.18806 -111.51064 -98.46936 curveto
-111.79193 -98.75066 -111.95 -99.13216 -111.95 -99.53 curveto
-111.95 -99.92784 -111.79193 -100.30934 -111.51064 -100.59064 curveto
-111.22934 -100.87193 -110.84784 -101.03 -110.45 -101.03 curveto
-110.05215 -101.03 -109.67065 -100.87193 -109.38936 -100.59064 curveto
-109.10806 -100.30934 -108.95 -99.92784 -108.95 -99.53 curveto closepath stroke
-1 THsetalpha
 0 0 0.10417 0.04 setcmykcolor
newpath -92.06 -91.8 moveto
-92.06 -91.40216 -92.21806 -91.02066 -92.49936 -90.73936 curveto
-92.78065 -90.45807 -93.16216 -90.3 -93.56 -90.3 curveto
-93.95784 -90.3 -94.33934 -90.45807 -94.62064 -90.73936 curveto
-94.90193 -91.02066 -95.06 -91.40216 -95.06 -91.8 curveto
-95.06 -92.19785 -94.90193 -92.57935 -94.62064 -92.86064 curveto
-94.33934 -93.14194 -93.95784 -93.3 -93.56 -93.3 curveto
-93.16216 -93.3 -92.78065 -93.14194 -92.49936 -92.86064 curveto
-92.21806 -92.57935 -92.06 -92.19785 -92.06 -91.8 curveto closepath fill
 0.1 0.88333 0 0.4 setcmykcolor
newpath -92.06 -91.8 moveto
-92.06 -91.40216 -92.21806 -91.02066 -92.49936 -90.73936 curveto
-92.78065 -90.45807 -93.16216 -90.3 -93.56 -90.3 curveto
-93.95784 -90.3 -94.33934 -90.45807 -94.62064 -90.73936 curveto
-94.90193 -91.02066 -95.06 -91.40216 -95.06 -91.8 curveto
-95.06 -92.19785 -94.90193 -92.57935 -94.62064 -92.86064 curveto
-94.33934 -93.14194 -93.95784 -93.3 -93.56 -93.3 curveto
-93.16216 -93.3 -92.78065 -93.14194 -92.49936 -92.86064 curveto
-92.21806 -92.57935 -92.06 -92.19785 -92.06 -91.8 curveto closepath stroke
-1 THsetalpha
 0 0 0.10417 0.04 setcmykcolor
newpath 39.15 -26.83 moveto
39.15 -26.43216 38.99193 -26.05066 38.71063 -25.76936 curveto
38.42934 -25.48807 38.04784 -25.33 37.65 -25.33 curveto
37.25215 -25.33 36.87065 -25.48807 36.58936 -25.76936 curveto
36.30806 -26.05066 36.15 -26.43216 36.15 -26.83 curveto
36.15 -27.22784 36.30806 -27.60934 36.58936 -27.89064 curveto
36.87065 -28.17194 37.25215 -28.33 37.65 -28.33 curveto
38.04784 -28.33 38.42934 -28.17194 38.71063 -27.89064 curveto
38.99193 -27.60934 39.15 -27.22784 39.15 -26.83 curveto closepath fill
 0.1 0.88333 0 0.4 setcmykcolor
newpath 39.15 -26.83 moveto
39.15 -26.43216 38.99193 -26.05066 38.71063 -25.76936 curveto
38.42934 -25.48807 38.04784 -25.33 37.65 -25.33 curveto
37.25215 -25.33 36.87065 -25.48807 36.58936 -25.76936 curveto
36.30806 -26.05066 36.15 -26.43216 36.15 -26.83 curveto
36.15 -27.22784 36.30806 -27.60934 36.58936 -27.89064 curveto
36.87065 -28.17194 37.25215 -28.33 37.65 -28.33 curveto
38.04784 -28.33 38.42934 -28.17194 38.71063 -27.89064 curveto
38.99193 -27.60934 39.15 -27.22784 39.15 -26.83 curveto closepath stroke
-1 THsetalpha
 0 0 0.10417 0.04 setcmykcolor
newpath 53.27 21.69 moveto
53.27 22.08784 53.11194 22.46935 52.83064 22.75064 curveto
52.54935 23.03194 52.16785 23.19 51.77 23.19 curveto
51.37216 23.19 50.99066 23.03194 50.70937 22.75064 curveto
50.42807 22.46935 50.27 22.08784 50.27 21.69 curveto
50.27 21.29216 50.42807 20.91066 50.70937 20.62936 curveto
50.99066 20.34807 51.37216 20.19 51.77 20.19 curveto
52.16785 20.19 52.54935 20.34807 52.83064 20.62936 curveto
53.11194 20.91066 53.27 21.29216 53.27 21.69 curveto closepath fill
 0.1 0.88333 0 0.4 setcmykcolor
newpath 53.27 21.69 moveto
53.27 22.08784 53.11194 22.46935 52.83064 22.75064 curveto
52.54935 23.03194 52.16785 23.19 51.77 23.19 curveto
51.37216 23.19 50.99066 23.03194 50.70937 22.75064 curveto
50.42807 22.46935 50.27 22.08784 50.27 21.69 curveto
50.27 21.29216 50.42807 20.91066 50.70937 20.62936 curveto
50.99066 20.34807 51.37216 20.19 51.77 20.19 curveto
52.16785 20.19 52.54935 20.34807 52.83064 20.62936 curveto
53.11194 20.91066 53.27 21.29216 53.27 21.69 curveto closepath stroke
-1 THsetalpha
 0 0 0.10417 0.04 setcmykcolor
newpath 162.42 102.11 moveto
162.42 102.50784 162.26193 102.88934 161.98064 103.17064 curveto
161.69934 103.45193 161.31784 103.61 160.92 103.61 curveto
160.52216 103.61 160.14066 103.45193 159.85936 103.17064 curveto
159.57806 102.88934 159.42 102.50784 159.42 102.11 curveto
159.42 101.71216 159.57806 101.33066 159.85936 101.04936 curveto
160.14066 100.76807 160.52216 100.61 160.92 100.61 curveto
161.31784 100.61 161.69934 100.76807 161.98064 101.04936 curveto
162.26193 101.33066 162.42 101.71216 162.42 102.11 curveto closepath fill
 0.1 0.88333 0 0.4 setcmykcolor
newpath 162.42 102.11 moveto
162.42 102.50784 162.26193 102.88934 161.98064 103.17064 curveto
161.69934 103.45193 161.31784 103.61 160.92 103.61 curveto
160.52216 103.61 160.14066 103.45193 159.85936 103.17064 curveto
159.57806 102.88934 159.42 102.50784 159.42 102.11 curveto
159.42 101.71216 159.57806 101.33066 159.85936 101.04936 curveto
160.14066 100.76807 160.52216 100.61 160.92 100.61 curveto
161.31784 100.61 161.69934 100.76807 161.98064 101.04936 curveto
162.26193 101.33066 162.42 101.71216 162.42 102.11 curveto closepath stroke
-1 THsetalpha
 0 0 0.10417 0.04 setcmykcolor
newpath 164.84 75.95 moveto
164.84 76.34784 164.68193 76.72934 164.40063 77.01064 curveto
164.11934 77.29193 163.73784 77.45 163.34 77.45 curveto
162.94215 77.45 162.56065 77.29193 162.27936 77.01064 curveto
161.99806 76.72934 161.84 76.34784 161.84 75.95 curveto
161.84 75.55215 161.99806 75.17065 162.27936 74.88936 curveto
162.56065 74.60806 162.94215 74.45 163.34 74.45 curveto
163.73784 74.45 164.11934 74.60806 164.40063 74.88936 curveto
164.68193 75.17065 164.84 75.55215 164.84 75.95 curveto closepath fill
 0.1 0.88333 0 0.4 setcmykcolor
newpath 164.84 75.95 moveto
164.84 76.34784 164.68193 76.72934 164.40063 77.01064 curveto
164.11934 77.29193 163.73784 77.45 163.34 77.45 curveto
162.94215 77.45 162.56065 77.29193 162.27936 77.01064 curveto
161.99806 76.72934 161.84 76.34784 161.84 75.95 curveto
161.84 75.55215 161.99806 75.17065 162.27936 74.88936 curveto
162.56065 74.60806 162.94215 74.45 163.34 74.45 curveto
163.73784 74.45 164.11934 74.60806 164.40063 74.88936 curveto
164.68193 75.17065 164.84 75.55215 164.84 75.95 curveto closepath stroke
-1 THsetalpha
 0 0 0.10417 0.04 setcmykcolor
newpath 115 124.95 moveto
115 125.34784 114.84193 125.72934 114.56064 126.01064 curveto
114.27934 126.29193 113.89784 126.45 113.5 126.45 curveto
113.10216 126.45 112.72066 126.29193 112.43936 126.01064 curveto
112.15807 125.72934 112 125.34784 112 124.95 curveto
112 124.55215 112.15807 124.17065 112.43936 123.88936 curveto
112.72066 123.60806 113.10216 123.45 113.5 123.45 curveto
113.89784 123.45 114.27934 123.60806 114.56064 123.88936 curveto
114.84193 124.17065 115 124.55215 115 124.95 curveto closepath fill
 0.1 0.88333 0 0.4 setcmykcolor
newpath 115 124.95 moveto
115 125.34784 114.84193 125.72934 114.56064 126.01064 curveto
114.27934 126.29193 113.89784 126.45 113.5 126.45 curveto
113.10216 126.45 112.72066 126.29193 112.43936 126.01064 curveto
112.15807 125.72934 112 125.34784 112 124.95 curveto
112 124.55215 112.15807 124.17065 112.43936 123.88936 curveto
112.72066 123.60806 113.10216 123.45 113.5 123.45 curveto
113.89784 123.45 114.27934 123.60806 114.56064 123.88936 curveto
114.84193 124.17065 115 124.55215 115 124.95 curveto closepath stroke
-1 THsetalpha
 0 0 0.10417 0.04 setcmykcolor
newpath 102.54 105.72 moveto
102.54 106.11784 102.38193 106.49934 102.10063 106.78064 curveto
101.81934 107.06194 101.43784 107.22 101.04 107.22 curveto
100.64215 107.22 100.26065 107.06194 99.97935 106.78064 curveto
99.69806 106.49934 99.54 106.11784 99.54 105.72 curveto
99.54 105.32216 99.69806 104.94066 99.97935 104.65936 curveto
100.26065 104.37807 100.64215 104.22 101.04 104.22 curveto
101.43784 104.22 101.81934 104.37807 102.10063 104.65936 curveto
102.38193 104.94066 102.54 105.32216 102.54 105.72 curveto closepath fill
 0.1 0.88333 0 0.4 setcmykcolor
newpath 102.54 105.72 moveto
102.54 106.11784 102.38193 106.49934 102.10063 106.78064 curveto
101.81934 107.06194 101.43784 107.22 101.04 107.22 curveto
100.64215 107.22 100.26065 107.06194 99.97935 106.78064 curveto
99.69806 106.49934 99.54 106.11784 99.54 105.72 curveto
99.54 105.32216 99.69806 104.94066 99.97935 104.65936 curveto
100.26065 104.37807 100.64215 104.22 101.04 104.22 curveto
101.43784 104.22 101.81934 104.37807 102.10063 104.65936 curveto
102.38193 104.94066 102.54 105.32216 102.54 105.72 curveto closepath stroke
-1 THsetalpha
 0 0 0.10417 0.04 setcmykcolor
newpath -7.38 -42.75 moveto
-7.38 -42.35216 -7.53807 -41.97066 -7.81937 -41.68936 curveto
-8.10066 -41.40807 -8.48216 -41.25 -8.88 -41.25 curveto
-9.27785 -41.25 -9.65935 -41.40807 -9.94064 -41.68936 curveto
-10.22194 -41.97066 -10.38 -42.35216 -10.38 -42.75 curveto
-10.38 -43.14784 -10.22194 -43.52934 -9.94064 -43.81064 curveto
-9.65935 -44.09193 -9.27785 -44.25 -8.88 -44.25 curveto
-8.48216 -44.25 -8.10066 -44.09193 -7.81937 -43.81064 curveto
-7.53807 -43.52934 -7.38 -43.14784 -7.38 -42.75 curveto closepath fill
 0.1 0.88333 0 0.4 setcmykcolor
newpath -7.38 -42.75 moveto
-7.38 -42.35216 -7.53807 -41.97066 -7.81937 -41.68936 curveto
-8.10066 -41.40807 -8.48216 -41.25 -8.88 -41.25 curveto
-9.27785 -41.25 -9.65935 -41.40807 -9.94064 -41.68936 curveto
-10.22194 -41.97066 -10.38 -42.35216 -10.38 -42.75 curveto
-10.38 -43.14784 -10.22194 -43.52934 -9.94064 -43.81064 curveto
-9.65935 -44.09193 -9.27785 -44.25 -8.88 -44.25 curveto
-8.48216 -44.25 -8.10066 -44.09193 -7.81937 -43.81064 curveto
-7.53807 -43.52934 -7.38 -43.14784 -7.38 -42.75 curveto closepath stroke
showpage
%%EOF
