%!PS
%%BoundingBox: -280 -63 287 75 
%%HiResBoundingBox: -279.18001 -62.26851 286.48001 74.36 
%%Creator: MetaPost 2.02
%%CreationDate: 2023.12.12:1531
%%Pages: 1
%%BeginProlog
%%EndProlog
%%Page: 1 1
 0 0.42001 dtransform truncate idtransform setlinewidth pop [] 0 setdash
 1 setlinecap 1 setlinejoin 10 setmiterlimit
newpath 241.31 -46.18 moveto
241.31 -46.18 233.79 -47.86 229.9 -48.4 curveto
225.98 -48.94 211.18 -41.9 191.17 -46.45 curveto
172.78 -50.62 170.1 -62.42 159.7 -62.05 curveto
144.03 -61.5 139.08 -60.21 135.69 -58.6 curveto
128.3 -55.07 118.7 -50.55 103.33 -52.34 curveto
87.92 -54.12 75.27 -53.79 69.93 -51.06 curveto
64.61 -48.34 4.03 -41.6 -6.26 -44.31 curveto
-16.5 -47.02 -54.71 -48.91 -63.34 -55.5 curveto
-71.98 -62.08 -139.58 -55.91 -144.74 -54.81 curveto
-149.9 -53.71 -169.21 -50.42 -180.52 -50.64 curveto
-191.86 -50.86 -228.03 -38.06 -244.61 -38.8 curveto stroke
newpath -244.61 -38.8 moveto
-278.97 11.2 lineto stroke
newpath -278.97 11.2 moveto
-278.97 11.2 -268.44 10.99 -259.97 9.42 curveto
-242.77 6.23 -254.3 18.79 -234.28 -2.06 curveto
-214.3 -22.87 -201.41 -9.31 -201.41 -9.31 curveto stroke
newpath -198.93 -16.76 moveto
-198.93 -16.76 -206.65 -18 -217.95 -19.07 curveto
-229.25 -20.13 -216.34 -21.43 -210.62 -22.71 curveto
-200.66 -24.92 -196.06 -25.34 -196.06 -25.34 curveto stroke
newpath -168.85 -28.32 moveto
-168.85 -28.32 -151.11 -26.17 -147.38 -23.02 curveto stroke
newpath -147.38 -23.02 moveto
-143.78 -20.09 -155.94 -19.42 -163.79 -23.64 curveto
-171.49 -27.77 -168.85 -28.32 -168.85 -28.32 curveto stroke
newpath -168.85 -28.32 moveto
-168.85 -28.32 -172.93 -34.58 -177.41 -34.61 curveto
-193.07 -34.74 -196.86 -22.69 -198.08 -17.7 curveto
-204.12 7.15 -216.99 -4.2 -215.48 7.67 curveto
-213.63 22.28 -231 25.34 -249.85 33.05 curveto
-251.62 33.77 -286.97 31.89 -259.02 55.3 curveto
-253.71 59.75 -242.04 47.71 -242.04 47.71 curveto
-242.04 47.71 -232.65 39.64 -216.53 32.55 curveto
-200.42 25.46 -196.75 26.88 -192.84 24.81 curveto
-188.95 22.75 -189.73 15.14 -187.95 9.41 curveto
-186.17 3.65 -185.24 -4.14 -160.65 -8.04 curveto
-152.55 -9.33 -142.44 -3.56 -142.44 -3.56 curveto stroke
newpath -142.44 -3.56 moveto
-130.44 4.27 -131.97 3.92 -125.92 4.49 curveto
-78.72 8.93 -65.76 1.42 -65.76 1.42 curveto
-49.65 -11.49 lineto
-49.65 -11.49 -46.61 -14.35 3.53 -12.7 curveto
53.81 -11.05 67.13 4.9 67.13 4.9 curveto stroke
newpath 67.13 4.9 moveto
70.4 10.82 85.23 13.5 88.47 13.79 curveto
96.46 14.51 135.38 20.73 138.82 20.29 curveto
147.43 19.2 158.63 11.23 158.63 11.23 curveto
158.63 11.23 170.72 0.05 171.4 -0.21 curveto
172.08 -0.47 183.41 -10.69 188.11 -14.72 curveto
192.78 -18.74 191.9 -23.84 196.9 -24.08 curveto
209 -24.66 237.77 -33.91 237.77 -33.91 curveto stroke
newpath 237.77 -33.91 moveto
237.77 -33.91 279.78 -41.31 286 -42.73 curveto stroke
newpath 286.27 -51.44 moveto
275.22 -50.37 241.31 -46.18 241.31 -46.18 curveto stroke
newpath -176.4 -3.14 moveto
-174.44 0.57 -144.03 38.76 -146.53 43.16 curveto
-149.03 47.56 -172.98 55.64 -181.49 56.7 curveto
-190.01 57.77 -245.5 67.58 -245.5 67.58 curveto stroke
newpath -245.5 67.58 moveto
-264.11 74.15 lineto stroke
newpath -269.25 69.04 moveto
-250.32 60.81 lineto stroke
newpath -250.32 60.81 moveto
-250.32 60.81 -191.23 51.28 -185.48 43.81 curveto
-179.73 36.36 -160.4 40.41 -170.09 30.52 curveto
-179.76 20.65 -186.19 3.65 -186.19 3.65 curveto stroke
newpath 137.24 20.37 moveto
137.24 20.37 lineto stroke
showpage
%%EOF
