%!PS
%%BoundingBox: -214 -310 220 304 
%%HiResBoundingBox: -213.3 -309.922 219.32658 303.58 
%%Creator: MetaPost 2.02
%%CreationDate: 2023.12.12:1531
%%Pages: 1
%%BeginProlog
%%EndProlog
%%Page: 1 1
 0 0.42001 dtransform truncate idtransform setlinewidth pop [] 0 setdash
 1 setlinecap 1 setlinejoin 10 setmiterlimit
newpath -170.92 -287.97 moveto
-163.8 -289.24 -103.7 -298.3 -103.7 -298.3 curveto
-103.7 -298.3 -56.79 -312.03 -52.34 -309.37 curveto
-47.88 -306.7 -12.44 -304.06 -6.76 -298.2 curveto
-1.08 -292.33 40.27 -165.65 44.14 -160.07 curveto
48.01 -154.49 87.95 -87.19 88.28 -80.35 curveto
88.61 -73.52 89.2 -53.37 90.99 -46.24 curveto
92.77 -39.12 110.06 -16.16 120.91 -8.02 curveto
131.75 0.12 140.46 9.07 143.99 15.03 curveto
147.52 20.99 155.7 26.37 161.66 30.41 curveto
167.62 34.46 173.9 37.76 179.14 49.41 curveto
184.38 61.05 223.34 99.9 218.74 124.29 curveto
214.13 148.66 213.68 162.01 205.18 172.87 curveto
196.69 183.72 186.09 195.76 184.62 202.67 curveto
183.14 209.59 176.6 231.17 175.74 235.89 curveto stroke
newpath 175.74 235.89 moveto
174.89 240.62 161.44 299.2 161.64 303.37 curveto stroke
newpath 153.63 301.21 moveto
153.63 301.21 166.05 236.71 166.5 230.93 curveto stroke
newpath 166.5 230.93 moveto
166.94 225.14 176.26 193.7 178.57 189.27 curveto
180.89 184.83 201.02 153.6 198.53 146.51 curveto
196.03 139.43 185.48 122.26 183.24 113 curveto
181 103.73 171.3 51.22 161.66 45.55 curveto
152.02 39.88 133.44 43.61 130.08 33.34 curveto
126.71 23.05 125.87 13.01 117.31 7.29 curveto
108.75 1.57 99.9 -2.7 94.34 -13.61 curveto
88.77 -24.51 78.03 -38.07 76.94 -45.94 curveto
75.85 -53.81 61.52 -112.97 44.87 -129.47 curveto
28.21 -145.97 22.68 -171.66 19.91 -176.94 curveto
17.14 -182.21 -30.52 -267.53 -37.82 -269.35 curveto
-45.11 -271.16 -64.95 -279.23 -65.16 -275.98 curveto
-65.37 -272.73 -24.21 -248.37 -24.52 -239.71 curveto
-24.83 -231.04 -11.33 -144.1 -10.94 -135.83 curveto
-10.55 -127.55 5.84 -103.76 5.8 -94.56 curveto
5.76 -85.44 5.79 -75.06 3.89 -66.78 curveto stroke
newpath -28.21 -63.5 moveto
-28.21 -63.5 -27.1 -88.05 -27.77 -94.53 curveto
-28.43 -101 -21.79 -129.19 -22.86 -136.34 curveto
-23.92 -143.5 -35.28 -215.76 -42.78 -229.46 curveto
-50.28 -243.16 -77.98 -249.77 -93.15 -250.43 curveto
-108.32 -251.09 -163.94 -263.26 -168.24 -263.26 curveto stroke
newpath -168.24 -263.26 moveto
-172.53 -263.24 -209.3 -262.44 -213.09 -261.55 curveto stroke
newpath -211.18 -287.93 moveto
-211.18 -287.93 -178.02 -286.65 -170.92 -287.97 curveto stroke
showpage
%%EOF
