%!PS
%%BoundingBox: -398 -99 398 94 
%%HiResBoundingBox: -397.61 -98.11487 397.90001 93.50517 
%%Creator: MetaPost 2.02
%%CreationDate: 2023.12.12:1531
%%Pages: 1
%%BeginProlog
%%EndProlog
%%Page: 1 1
 0 0.42001 dtransform truncate idtransform setlinewidth pop [] 0 setdash
 1 setlinecap 1 setlinejoin 10 setmiterlimit
newpath 346.11 93.08 moveto
341.48 94.88 314.94 85.11 314.42 74.09 curveto
313.74 59.48 294.63 55 288.97 54.15 curveto
283.3 53.3 285.67 55.89 282.21 58.99 curveto
278.75 62.08 272.92 67.53 268.81 67.09 curveto
264.7 66.64 253.69 60 241.65 53.68 curveto
229.43 47.27 217.72 41.7 211 37.53 curveto
191.72 25.56 176.04 6.49 174.42 6.08 curveto
172.81 5.68 137.66 -25.27 131.28 -28.74 curveto
125.84 -31.71 53.9 -46.61 43.34 -51.29 curveto
32.73 -55.99 2.12 -48.95 2.12 -48.95 curveto
2.12 -48.95 -56.41 -51.62 -65.89 -52.31 curveto
-75.39 -53 -156.33 -56.06 -165.3 -55.38 curveto
-174.33 -54.68 -231.23 -64.12 -241.07 -65.02 curveto
-251.17 -65.95 -343.65 -62.96 -376.02 -82.25 curveto stroke
newpath -376.02 -82.25 moveto
-376.02 -82.25 -379.55 -85.53 -397.4 -81.44 curveto stroke
newpath -397.13 -90.15 moveto
-360.81 -93.68 -328.45 -94.23 -322.75 -97.21 curveto
-317.66 -99.87 -251.06 -94.01 -247.7 -94.37 curveto
-244.34 -94.73 -164.39 -79.72 -162.12 -79.83 curveto
-159.85 -79.94 -156.42 -75.84 -153.99 -73.7 curveto stroke
newpath -153.99 -73.7 moveto
-151.65 -71.52 -150.08 -67.07 -150.08 -67.07 curveto stroke
newpath -150.08 -67.07 moveto
-148.99 -63.63 lineto
-148.99 -63.63 -74.33 -64.76 -65.93 -63.57 curveto
-59.77 -62.7 0.29 -54.28 2.56 -54.16 curveto
4.82 -54.04 31.71 -58.64 37.58 -58.68 curveto
43.65 -58.72 106.77 -39.74 107.47 -39.35 curveto
108.18 -38.95 128.07 -37.1 131.6 -35.66 curveto
143.87 -30.65 170.17 -12.32 180.51 -4.13 curveto
190.8 4.03 221.12 18.61 222.84 21.67 curveto
224.57 24.74 245.13 46.32 245.13 46.32 curveto
245.13 46.32 267.64 60.57 270.77 60.2 curveto
273.91 59.82 283.88 46.29 284.99 46.01 curveto
286.1 45.73 321.63 55.07 324.86 56.72 curveto
328.09 58.36 360.65 74.56 369.01 73.1 curveto stroke
newpath 369.01 73.1 moveto
370.6 73.48 397.69 75.6 397.69 75.6 curveto stroke
newpath 396.31 84.45 moveto
395.18 84.27 369.14 80.75 369.14 80.75 curveto stroke
newpath 369.14 80.75 moveto
353.17 75.64 363.28 90.03 346.11 93.08 curveto stroke
showpage
%%EOF
