%!PS
%%BoundingBox: -236 -248 236 246 
%%HiResBoundingBox: -235.56001 -247.85059 235.9043 245.55072 
%%Creator: MetaPost 2.02
%%CreationDate: 2023.12.12:1531
%%Pages: 1
%%BeginProlog
%%EndProlog
%%Page: 1 1
 0 0 0 1 setcmykcolor 0 1.2 dtransform truncate idtransform setlinewidth pop
 [] 0 setdash 1 setlinecap 1 setlinejoin 10 setmiterlimit
newpath 184.28 155.59 moveto
184.28 155.59 177.05 164.95 177.71 174.39 curveto
178.37 183.83 181.51 188.65 195.95 199.23 curveto
210.4 209.82 209.38 207.16 212.71 211.06 curveto stroke
newpath 167.33 154.81 moveto
167.33 154.81 169.05 157.89 162.67 171.49 curveto
156.31 185.08 160.48 187.15 160.48 187.15 curveto
160.48 187.15 169.42 189.68 167.3 192.7 curveto
165.18 195.72 166.63 198.12 163.12 195.57 curveto
159.61 193.04 130.12 172.13 126.73 171.02 curveto
123.33 169.92 105.95 183.63 99.23 179.44 curveto
92.51 175.26 77.17 154.99 75.75 153.71 curveto
74.34 152.42 44.52 125.21 44.52 125.21 curveto stroke
 0.83 0.54 0 0 setcmykcolor 0 0.42001
 dtransform truncate idtransform setlinewidth pop
newpath 150.86 243.34 moveto
153.23888 242.40901 153.13528 239.3319 152.95665 236.62012 curveto
152.76234 233.6706 152.45918 230.26208 155.05325 229.90019 curveto
157.93599 229.49803 156.38142 225.64326 157.15 223.18 curveto
157.15 223.18 lineto stroke
newpath 155.39182 226.77295 moveto
155.931 225.59778 156.35277 224.13588 157.15 223.18 curveto
157.15 223.18 lineto
157.15 223.18 lineto
157.26219 224.41963 157.99771 225.75156 158.44745 226.9638 curveto
 closepath stroke
newpath 155.39182 226.77295 moveto
155.931 225.59778 156.35277 224.13588 157.15 223.18 curveto
157.15 223.18 lineto
157.15 223.18 lineto
157.26219 224.41963 157.99771 225.75156 158.44745 226.9638 curveto
 closepath fill
 0 0 0 1 setcmykcolor 0 1.2 dtransform truncate idtransform setlinewidth pop
newpath 44.52 125.21 moveto
44.52 125.21 24.93 105.38 22.11 98.07 curveto
19.3 90.76 -24.66 22.94 -23.54 17.57 curveto
-22.41 12.14 -22.49 10.34 -16.05 13.41 curveto stroke
 0.83 0.54 0 0 setcmykcolor 0 0.42001
 dtransform truncate idtransform setlinewidth pop
newpath -235.35 -95.65 moveto
-233.76764 -93.30336 -230.39243 -93.08919 -228.50012 -95.20665 curveto
-226.63225 -97.29677 -223.29503 -97.06654 -221.6502 -94.76335 curveto
-220.13542 -92.64224 -217.23183 -94.47742 -214.8 -94.32 curveto
-214.8 -94.32 lineto stroke
newpath -218.66841 -95.3375 moveto
-217.4357 -94.99294 -215.95163 -94.88676 -214.8 -94.32 curveto
-214.8 -94.32 lineto
-214.8 -94.32 lineto
-216.01508 -93.90642 -217.13953 -92.93208 -218.2548 -92.30405 curveto
 closepath stroke
newpath -218.66841 -95.3375 moveto
-217.4357 -94.99294 -215.95163 -94.88676 -214.8 -94.32 curveto
-214.8 -94.32 lineto
-214.8 -94.32 lineto
-216.01508 -93.90642 -217.13953 -92.93208 -218.2548 -92.30405 curveto
 closepath fill
 0 0 0 1 setcmykcolor 0 1.2 dtransform truncate idtransform setlinewidth pop
 [3.60022 3.60022 ] 0 setdash
newpath 27.46 25.07 moveto
-16.05 13.41 lineto stroke
newpath -17.05 6.26 moveto
-17.74 6.07 27.94 21 27.94 21 curveto stroke
 [] 0 setdash
newpath -17.05 6.26 moveto
-17.05 6.26 -19.76 5.71 -21.96 2.19 curveto
-24.18 -1.39 -35.41 -5.56 -30.9 -4.92 curveto stroke
 [3.60022 3.60022 ] 0 setdash
newpath 35.46 8 moveto
-30.9 -4.92 lineto stroke
newpath -30.95 -11 moveto
36.83 3.65 lineto stroke
 [] 0 setdash
newpath 42.57 -173.38 moveto
36.64 -164.77 21.8 -119.5 1.04 -105.92 curveto
-19.7 -92.36 -57.1 -102.79 -64.49 -101.99 curveto
-71.88 -101.19 -104.71 -104.82 -122.85 -97.43 curveto
-140.99 -90.03 -139.71 -85.87 -138.8 -85.69 curveto
-137.89 -85.51 -121.67 -66.44 -119.92 -62.69 curveto
-118.16 -58.94 -107.36 -69.54 -100.34 -68.71 curveto
-93.33 -67.89 -92.58 -61.4 -89.43 -56.36 curveto
-86.27 -51.33 -55.7 -24.49 -50.67 -22.92 curveto
-45.63 -21.35 -30.95 -11 -30.95 -11 curveto stroke
newpath 212.71 211.06 moveto
212.71 211.06 241.19 237.42 234.2 237.29 curveto
227.21 237.17 180.3 201.32 178.51 200.97 curveto
176.71 200.62 182.74 210.23 188.78 219.17 curveto
194.83 228.12 209.47 247.46 193.13 244.68 curveto
176.78 241.89 146.35 244 144.42 221.5 curveto
142.5 199.02 147.05 199.49 135.15 190.8 curveto
123.24 182.11 127.39 184.17 127.39 184.17 curveto
127.39 184.17 102.97 191.18 96.72 188.11 curveto
90.48 185.03 75.56 159.12 71.21 157.52 curveto
66.87 155.92 40.32 136.89 40.32 136.89 curveto stroke
newpath 40.32 136.89 moveto
40.32 136.89 12.85 117.2 12.19 112.5 curveto
11.52 107.8 -32.77 22.12 -33.3 21.09 curveto
-42.46 3.42 -27.59 8.36 -33.81 -0.2 curveto
-45.39 -16.16 -50.48 -9.65 -50.48 -9.65 curveto
-50.48 -9.65 -56.62 -1.7 -77.28 0.38 curveto
-98.11 2.46 -95.78 -0.79 -100.59 -7.31 curveto
-105.39 -13.83 -112.1 -30.82 -108.04 -35.5 curveto
-103.98 -40.18 -93.34 -53.26 -99.91 -54.1 curveto
-106.48 -54.94 -114.5 -52.79 -121.48 -52.94 curveto
-126.81 -53.05 -152.05 -51.7 -163.85 -54.05 curveto
-175.68 -56.4 -206.24 -64.27 -212.62 -70.75 curveto
-218.99 -77.23 -236.4 -104.16 -234.01 -111.02 curveto
-231.62 -117.88 -213.12 -122.08 -201.18 -121.72 curveto
-189.25 -121.35 -170.38 -87.75 -159.05 -90.53 curveto
-147.68 -93.31 -138.07 -104.6 -128.72 -111.8 curveto
-119.36 -119.01 -84.03 -139.61 -82.32 -141.49 curveto
-80.6 -143.38 -30.39 -172.24 -39.36 -181.28 curveto
-48.34 -190.31 -59.55 -186.23 -64.98 -189.32 curveto
-81.86 -198.94 -102.1 -218.56 -102.1 -218.56 curveto
-102.1 -218.56 -113.35 -252.27 -94.38 -246.61 curveto
-75.39 -240.95 -50.77 -223.96 -48.62 -221.13 curveto
-46.47 -218.3 -30.13 -210.5 -26.64 -207.96 curveto
-23.15 -205.43 -9.23 -176.84 -1.51 -186.03 curveto
6.19 -195.2 7.79 -199.77 7.79 -199.77 curveto stroke
newpath 7.79 -199.77 moveto
7.79 -199.77 19.96 -224.89 32.98 -221.2 curveto
45.99 -217.51 56.18 -216.38 54.38 -206.38 curveto
52.58 -196.38 43.62 -175.01 42.57 -173.38 curveto stroke
 0 0.6 dtransform truncate idtransform setlinewidth pop
newpath -89.65 -8.95 moveto
-89.65 -8.95 -98.28 -16.48 -96.59 -45.91 curveto stroke
newpath -95.02309 -41.02905 moveto
-96.59 -45.91 lineto
-98.61876 -41.20224 lineto
 closepath fill
newpath -95.02309 -41.02905 moveto
-96.59 -45.91 lineto
-98.61876 -41.20224 lineto
 closepath stroke
newpath -76.73 -219.98993 moveto
-76.73 -213.39008 lineto
-78.52992 -210.39008 lineto stroke
newpath -76.73 -213.39008 moveto
-74.93007 -210.39008 lineto stroke
 0 0.4 0.8 0 setcmykcolor
newpath -84.78 -229.19008 moveto
-84.78 -235.78993 lineto
-86.57993 -238.78993 lineto stroke
newpath -84.78 -235.78993 moveto
-82.98007 -238.78993 lineto stroke
 0 0 0 1 setcmykcolor
newpath 22.53519 -156.38094 moveto
19.69557 -152.65343 lineto
17.38824 -151.73349 lineto stroke
 0.6 0 dtransform exch truncate exch idtransform pop setlinewidth
newpath 19.69557 -152.65343 moveto
19.42139 -150.18463 lineto stroke
 0 0.6 dtransform truncate idtransform setlinewidth pop
newpath 218.9 219.51202 moveto
218.9 224.19795 lineto
217.62204 226.32797 lineto stroke
newpath 218.9 224.19795 moveto
220.17795 226.32797 lineto stroke
newpath 23.88966 -176.40825 moveto
27.03885 -170.6082 lineto
26.88852 -167.1129 lineto stroke
newpath 27.03885 -170.6082 moveto
30.05212 -168.83061 lineto stroke
newpath -56.22 -151.54993 moveto
-56.22 -144.95007 lineto
-58.01993 -141.95007 lineto stroke
newpath -56.22 -144.95007 moveto
-54.42007 -141.95007 lineto stroke
newpath -70.51 -200.25 moveto
-64.51 -200.25 lineto stroke
 0.6 0 dtransform exch truncate exch idtransform pop setlinewidth
newpath -67.51 -203.25 moveto
-67.51 -197.25 lineto stroke
 0 0.6 dtransform truncate idtransform setlinewidth pop
newpath -98.15 -219.33 moveto
-92.15 -219.33 lineto stroke
 0.6 0 dtransform exch truncate exch idtransform pop setlinewidth
newpath -95.15 -222.33 moveto
-95.15 -216.33 lineto stroke
-1 THsetalpha
 0 0 0.10417 0.04 setcmykcolor
newpath 166.24 184.48 moveto
166.24 184.87784 166.08194 185.25934 165.80064 185.54063 curveto
165.51935 185.82193 165.13785 185.98 164.74 185.98 curveto
164.34216 185.98 163.96066 185.82193 163.67937 185.54063 curveto
163.39807 185.25934 163.24 184.87784 163.24 184.48 curveto
163.24 184.08215 163.39807 183.70065 163.67937 183.41936 curveto
163.96066 183.13806 164.34216 182.98 164.74 182.98 curveto
165.13785 182.98 165.51935 183.13806 165.80064 183.41936 curveto
166.08194 183.70065 166.24 184.08215 166.24 184.48 curveto closepath fill
 0.1 0.88333 0 0.4 setcmykcolor 0 0.6
 dtransform truncate idtransform setlinewidth pop
newpath 166.24 184.48 moveto
166.24 184.87784 166.08194 185.25934 165.80064 185.54063 curveto
165.51935 185.82193 165.13785 185.98 164.74 185.98 curveto
164.34216 185.98 163.96066 185.82193 163.67937 185.54063 curveto
163.39807 185.25934 163.24 184.87784 163.24 184.48 curveto
163.24 184.08215 163.39807 183.70065 163.67937 183.41936 curveto
163.96066 183.13806 164.34216 182.98 164.74 182.98 curveto
165.13785 182.98 165.51935 183.13806 165.80064 183.41936 curveto
166.08194 183.70065 166.24 184.08215 166.24 184.48 curveto closepath stroke
-1 THsetalpha
 0 0 0.10417 0.04 setcmykcolor
newpath 234.04 236.2 moveto
234.04 236.59784 233.88193 236.97934 233.60063 237.26064 curveto
233.31934 237.54193 232.93784 237.7 232.54 237.7 curveto
232.14215 237.7 231.76065 237.54193 231.47935 237.26064 curveto
231.19806 236.97934 231.04 236.59784 231.04 236.2 curveto
231.04 235.80215 231.19806 235.42065 231.47935 235.13936 curveto
231.76065 234.85806 232.14215 234.7 232.54 234.7 curveto
232.93784 234.7 233.31934 234.85806 233.60063 235.13936 curveto
233.88193 235.42065 234.04 235.80215 234.04 236.2 curveto closepath fill
 0.1 0.88333 0 0.4 setcmykcolor
newpath 234.04 236.2 moveto
234.04 236.59784 233.88193 236.97934 233.60063 237.26064 curveto
233.31934 237.54193 232.93784 237.7 232.54 237.7 curveto
232.14215 237.7 231.76065 237.54193 231.47935 237.26064 curveto
231.19806 236.97934 231.04 236.59784 231.04 236.2 curveto
231.04 235.80215 231.19806 235.42065 231.47935 235.13936 curveto
231.76065 234.85806 232.14215 234.7 232.54 234.7 curveto
232.93784 234.7 233.31934 234.85806 233.60063 235.13936 curveto
233.88193 235.42065 234.04 235.80215 234.04 236.2 curveto closepath stroke
-1 THsetalpha
 0 0 0.10417 0.04 setcmykcolor
newpath 175.57 197.83 moveto
175.57 198.22784 175.41194 198.60934 175.13065 198.89064 curveto
174.84935 199.17194 174.46785 199.33 174.07 199.33 curveto
173.67216 199.33 173.29066 199.17194 173.00937 198.89064 curveto
172.72807 198.60934 172.57 198.22784 172.57 197.83 curveto
172.57 197.43216 172.72807 197.05066 173.00937 196.76936 curveto
173.29066 196.48807 173.67216 196.33 174.07 196.33 curveto
174.46785 196.33 174.84935 196.48807 175.13065 196.76936 curveto
175.41194 197.05066 175.57 197.43216 175.57 197.83 curveto closepath fill
 0.1 0.88333 0 0.4 setcmykcolor
newpath 175.57 197.83 moveto
175.57 198.22784 175.41194 198.60934 175.13065 198.89064 curveto
174.84935 199.17194 174.46785 199.33 174.07 199.33 curveto
173.67216 199.33 173.29066 199.17194 173.00937 198.89064 curveto
172.72807 198.60934 172.57 198.22784 172.57 197.83 curveto
172.57 197.43216 172.72807 197.05066 173.00937 196.76936 curveto
173.29066 196.48807 173.67216 196.33 174.07 196.33 curveto
174.46785 196.33 174.84935 196.48807 175.13065 196.76936 curveto
175.41194 197.05066 175.57 197.43216 175.57 197.83 curveto closepath stroke
-1 THsetalpha
 0 0 0.10417 0.04 setcmykcolor
newpath 167.42 200.6 moveto
167.42 200.99785 167.26193 201.37935 166.98064 201.66064 curveto
166.69934 201.94194 166.31784 202.1 165.92 202.1 curveto
165.52216 202.1 165.14066 201.94194 164.85936 201.66064 curveto
164.57806 201.37935 164.42 200.99785 164.42 200.6 curveto
164.42 200.20216 164.57806 199.82066 164.85936 199.53937 curveto
165.14066 199.25807 165.52216 199.1 165.92 199.1 curveto
166.31784 199.1 166.69934 199.25807 166.98064 199.53937 curveto
167.26193 199.82066 167.42 200.20216 167.42 200.6 curveto closepath fill
 0.1 0.88333 0 0.4 setcmykcolor
newpath 167.42 200.6 moveto
167.42 200.99785 167.26193 201.37935 166.98064 201.66064 curveto
166.69934 201.94194 166.31784 202.1 165.92 202.1 curveto
165.52216 202.1 165.14066 201.94194 164.85936 201.66064 curveto
164.57806 201.37935 164.42 200.99785 164.42 200.6 curveto
164.42 200.20216 164.57806 199.82066 164.85936 199.53937 curveto
165.14066 199.25807 165.52216 199.1 165.92 199.1 curveto
166.31784 199.1 166.69934 199.25807 166.98064 199.53937 curveto
167.26193 199.82066 167.42 200.20216 167.42 200.6 curveto closepath stroke
-1 THsetalpha
 0 0 0.10417 0.04 setcmykcolor
newpath 128.23 171.02 moveto
128.23 171.41785 128.07193 171.79935 127.79063 172.08064 curveto
127.50934 172.36194 127.12784 172.52 126.73 172.52 curveto
126.33215 172.52 125.95065 172.36194 125.66936 172.08064 curveto
125.38806 171.79935 125.23 171.41785 125.23 171.02 curveto
125.23 170.62216 125.38806 170.24066 125.66936 169.95937 curveto
125.95065 169.67807 126.33215 169.52 126.73 169.52 curveto
127.12784 169.52 127.50934 169.67807 127.79063 169.95937 curveto
128.07193 170.24066 128.23 170.62216 128.23 171.02 curveto closepath fill
 0.1 0.88333 0 0.4 setcmykcolor
newpath 128.23 171.02 moveto
128.23 171.41785 128.07193 171.79935 127.79063 172.08064 curveto
127.50934 172.36194 127.12784 172.52 126.73 172.52 curveto
126.33215 172.52 125.95065 172.36194 125.66936 172.08064 curveto
125.38806 171.79935 125.23 171.41785 125.23 171.02 curveto
125.23 170.62216 125.38806 170.24066 125.66936 169.95937 curveto
125.95065 169.67807 126.33215 169.52 126.73 169.52 curveto
127.12784 169.52 127.50934 169.67807 127.79063 169.95937 curveto
128.07193 170.24066 128.23 170.62216 128.23 171.02 curveto closepath stroke
-1 THsetalpha
 0 0 0.10417 0.04 setcmykcolor
newpath 98.22 188.11 moveto
98.22 188.50784 98.06194 188.88934 97.78064 189.17064 curveto
97.49934 189.45193 97.11784 189.61 96.72 189.61 curveto
96.32216 189.61 95.94066 189.45193 95.65936 189.17064 curveto
95.37807 188.88934 95.22 188.50784 95.22 188.11 curveto
95.22 187.71216 95.37807 187.33066 95.65936 187.04936 curveto
95.94066 186.76807 96.32216 186.61 96.72 186.61 curveto
97.11784 186.61 97.49934 186.76807 97.78064 187.04936 curveto
98.06194 187.33066 98.22 187.71216 98.22 188.11 curveto closepath fill
 0.1 0.88333 0 0.4 setcmykcolor
newpath 98.22 188.11 moveto
98.22 188.50784 98.06194 188.88934 97.78064 189.17064 curveto
97.49934 189.45193 97.11784 189.61 96.72 189.61 curveto
96.32216 189.61 95.94066 189.45193 95.65936 189.17064 curveto
95.37807 188.88934 95.22 188.50784 95.22 188.11 curveto
95.22 187.71216 95.37807 187.33066 95.65936 187.04936 curveto
95.94066 186.76807 96.32216 186.61 96.72 186.61 curveto
97.11784 186.61 97.49934 186.76807 97.78064 187.04936 curveto
98.06194 187.33066 98.22 187.71216 98.22 188.11 curveto closepath stroke
-1 THsetalpha
 0 0 0.10417 0.04 setcmykcolor
newpath 76.16 155.47 moveto
76.16 155.86784 76.00194 156.24934 75.72064 156.53064 curveto
75.43935 156.81194 75.05785 156.97 74.66 156.97 curveto
74.26216 156.97 73.88066 156.81194 73.59937 156.53064 curveto
73.31807 156.24934 73.16 155.86784 73.16 155.47 curveto
73.16 155.07216 73.31807 154.69066 73.59937 154.40936 curveto
73.88066 154.12807 74.26216 153.97 74.66 153.97 curveto
75.05785 153.97 75.43935 154.12807 75.72064 154.40936 curveto
76.00194 154.69066 76.16 155.07216 76.16 155.47 curveto closepath fill
 0.1 0.88333 0 0.4 setcmykcolor
newpath 76.16 155.47 moveto
76.16 155.86784 76.00194 156.24934 75.72064 156.53064 curveto
75.43935 156.81194 75.05785 156.97 74.66 156.97 curveto
74.26216 156.97 73.88066 156.81194 73.59937 156.53064 curveto
73.31807 156.24934 73.16 155.86784 73.16 155.47 curveto
73.16 155.07216 73.31807 154.69066 73.59937 154.40936 curveto
73.88066 154.12807 74.26216 153.97 74.66 153.97 curveto
75.05785 153.97 75.43935 154.12807 75.72064 154.40936 curveto
76.00194 154.69066 76.16 155.07216 76.16 155.47 curveto closepath stroke
-1 THsetalpha
 0 0 0.10417 0.04 setcmykcolor
newpath 62.82 148.75 moveto
62.82 149.14784 62.66194 149.52934 62.38065 149.81064 curveto
62.09935 150.09193 61.71785 150.25 61.32 150.25 curveto
60.92216 150.25 60.54066 150.09193 60.25937 149.81064 curveto
59.97807 149.52934 59.82 149.14784 59.82 148.75 curveto
59.82 148.35216 59.97807 147.97066 60.25937 147.68936 curveto
60.54066 147.40807 60.92216 147.25 61.32 147.25 curveto
61.71785 147.25 62.09935 147.40807 62.38065 147.68936 curveto
62.66194 147.97066 62.82 148.35216 62.82 148.75 curveto closepath fill
 0.1 0.88333 0 0.4 setcmykcolor
newpath 62.82 148.75 moveto
62.82 149.14784 62.66194 149.52934 62.38065 149.81064 curveto
62.09935 150.09193 61.71785 150.25 61.32 150.25 curveto
60.92216 150.25 60.54066 150.09193 60.25937 149.81064 curveto
59.97807 149.52934 59.82 149.14784 59.82 148.75 curveto
59.82 148.35216 59.97807 147.97066 60.25937 147.68936 curveto
60.54066 147.40807 60.92216 147.25 61.32 147.25 curveto
61.71785 147.25 62.09935 147.40807 62.38065 147.68936 curveto
62.66194 147.97066 62.82 148.35216 62.82 148.75 curveto closepath stroke
-1 THsetalpha
 0 0 0.10417 0.04 setcmykcolor
newpath 18.13 105.23 moveto
18.13 105.62784 17.97194 106.00934 17.69064 106.29063 curveto
17.40935 106.57193 17.02785 106.73 16.63 106.73 curveto
16.23216 106.73 15.85066 106.57193 15.56937 106.29063 curveto
15.28807 106.00934 15.13 105.62784 15.13 105.23 curveto
15.13 104.83215 15.28807 104.45065 15.56937 104.16936 curveto
15.85066 103.88806 16.23216 103.73 16.63 103.73 curveto
17.02785 103.73 17.40935 103.88806 17.69064 104.16936 curveto
17.97194 104.45065 18.13 104.83215 18.13 105.23 curveto closepath fill
 0.1 0.88333 0 0.4 setcmykcolor
newpath 18.13 105.23 moveto
18.13 105.62784 17.97194 106.00934 17.69064 106.29063 curveto
17.40935 106.57193 17.02785 106.73 16.63 106.73 curveto
16.23216 106.73 15.85066 106.57193 15.56937 106.29063 curveto
15.28807 106.00934 15.13 105.62784 15.13 105.23 curveto
15.13 104.83215 15.28807 104.45065 15.56937 104.16936 curveto
15.85066 103.88806 16.23216 103.73 16.63 103.73 curveto
17.02785 103.73 17.40935 103.88806 17.69064 104.16936 curveto
17.97194 104.45065 18.13 104.83215 18.13 105.23 curveto closepath stroke
-1 THsetalpha
 0 0 0.10417 0.04 setcmykcolor
newpath -33.88 12.4 moveto
-33.88 12.79784 -34.03807 13.17934 -34.31937 13.46063 curveto
-34.60066 13.74193 -34.98216 13.9 -35.38 13.9 curveto
-35.77785 13.9 -36.15935 13.74193 -36.44064 13.46063 curveto
-36.72194 13.17934 -36.88 12.79784 -36.88 12.4 curveto
-36.88 12.00215 -36.72194 11.62065 -36.44064 11.33936 curveto
-36.15935 11.05806 -35.77785 10.9 -35.38 10.9 curveto
-34.98216 10.9 -34.60066 11.05806 -34.31937 11.33936 curveto
-34.03807 11.62065 -33.88 12.00215 -33.88 12.4 curveto closepath fill
 0.1 0.88333 0 0.4 setcmykcolor
newpath -33.88 12.4 moveto
-33.88 12.79784 -34.03807 13.17934 -34.31937 13.46063 curveto
-34.60066 13.74193 -34.98216 13.9 -35.38 13.9 curveto
-35.77785 13.9 -36.15935 13.74193 -36.44064 13.46063 curveto
-36.72194 13.17934 -36.88 12.79784 -36.88 12.4 curveto
-36.88 12.00215 -36.72194 11.62065 -36.44064 11.33936 curveto
-36.15935 11.05806 -35.77785 10.9 -35.38 10.9 curveto
-34.98216 10.9 -34.60066 11.05806 -34.31937 11.33936 curveto
-34.03807 11.62065 -33.88 12.00215 -33.88 12.4 curveto closepath stroke
-1 THsetalpha
 0 0 0.10417 0.04 setcmykcolor
newpath -23.07 9.04 moveto
-23.07 9.43784 -23.22807 9.81934 -23.50937 10.10063 curveto
-23.79066 10.38193 -24.17216 10.54 -24.57 10.54 curveto
-24.96785 10.54 -25.34935 10.38193 -25.63065 10.10063 curveto
-25.91194 9.81934 -26.07 9.43784 -26.07 9.04 curveto
-26.07 8.64215 -25.91194 8.26065 -25.63065 7.97935 curveto
-25.34935 7.69806 -24.96785 7.54 -24.57 7.54 curveto
-24.17216 7.54 -23.79066 7.69806 -23.50937 7.97935 curveto
-23.22807 8.26065 -23.07 8.64215 -23.07 9.04 curveto closepath fill
 0.1 0.88333 0 0.4 setcmykcolor
newpath -23.07 9.04 moveto
-23.07 9.43784 -23.22807 9.81934 -23.50937 10.10063 curveto
-23.79066 10.38193 -24.17216 10.54 -24.57 10.54 curveto
-24.96785 10.54 -25.34935 10.38193 -25.63065 10.10063 curveto
-25.91194 9.81934 -26.07 9.43784 -26.07 9.04 curveto
-26.07 8.64215 -25.91194 8.26065 -25.63065 7.97935 curveto
-25.34935 7.69806 -24.96785 7.54 -24.57 7.54 curveto
-24.17216 7.54 -23.79066 7.69806 -23.50937 7.97935 curveto
-23.22807 8.26065 -23.07 8.64215 -23.07 9.04 curveto closepath stroke
-1 THsetalpha
 0 0 0.10417 0.04 setcmykcolor
newpath 29.05 23.43 moveto
29.05 23.82784 28.89194 24.20934 28.61064 24.49063 curveto
28.32935 24.77193 27.94785 24.93 27.55 24.93 curveto
27.15216 24.93 26.77066 24.77193 26.48936 24.49063 curveto
26.20807 24.20934 26.05 23.82784 26.05 23.43 curveto
26.05 23.03215 26.20807 22.65065 26.48936 22.36935 curveto
26.77066 22.08806 27.15216 21.93 27.55 21.93 curveto
27.94785 21.93 28.32935 22.08806 28.61064 22.36935 curveto
28.89194 22.65065 29.05 23.03215 29.05 23.43 curveto closepath fill
 0.1 0.88333 0 0.4 setcmykcolor
newpath 29.05 23.43 moveto
29.05 23.82784 28.89194 24.20934 28.61064 24.49063 curveto
28.32935 24.77193 27.94785 24.93 27.55 24.93 curveto
27.15216 24.93 26.77066 24.77193 26.48936 24.49063 curveto
26.20807 24.20934 26.05 23.82784 26.05 23.43 curveto
26.05 23.03215 26.20807 22.65065 26.48936 22.36935 curveto
26.77066 22.08806 27.15216 21.93 27.55 21.93 curveto
27.94785 21.93 28.32935 22.08806 28.61064 22.36935 curveto
28.89194 22.65065 29.05 23.03215 29.05 23.43 curveto closepath stroke
-1 THsetalpha
 0 0 0.10417 0.04 setcmykcolor
newpath -50.04 -20.75 moveto
-50.04 -20.35216 -50.19806 -19.97066 -50.47935 -19.68936 curveto
-50.76065 -19.40807 -51.14215 -19.25 -51.54 -19.25 curveto
-51.93784 -19.25 -52.31934 -19.40807 -52.60063 -19.68936 curveto
-52.88193 -19.97066 -53.04 -20.35216 -53.04 -20.75 curveto
-53.04 -21.14784 -52.88193 -21.52934 -52.60063 -21.81064 curveto
-52.31934 -22.09193 -51.93784 -22.25 -51.54 -22.25 curveto
-51.14215 -22.25 -50.76065 -22.09193 -50.47935 -21.81064 curveto
-50.19806 -21.52934 -50.04 -21.14784 -50.04 -20.75 curveto closepath fill
 0.1 0.88333 0 0.4 setcmykcolor
newpath -50.04 -20.75 moveto
-50.04 -20.35216 -50.19806 -19.97066 -50.47935 -19.68936 curveto
-50.76065 -19.40807 -51.14215 -19.25 -51.54 -19.25 curveto
-51.93784 -19.25 -52.31934 -19.40807 -52.60063 -19.68936 curveto
-52.88193 -19.97066 -53.04 -20.35216 -53.04 -20.75 curveto
-53.04 -21.14784 -52.88193 -21.52934 -52.60063 -21.81064 curveto
-52.31934 -22.09193 -51.93784 -22.25 -51.54 -22.25 curveto
-51.14215 -22.25 -50.76065 -22.09193 -50.47935 -21.81064 curveto
-50.19806 -21.52934 -50.04 -21.14784 -50.04 -20.75 curveto closepath stroke
-1 THsetalpha
 0 0 0.10417 0.04 setcmykcolor
newpath -48.04 -11.63 moveto
-48.04 -11.23216 -48.19806 -10.85066 -48.47935 -10.56937 curveto
-48.76065 -10.28807 -49.14215 -10.13 -49.54 -10.13 curveto
-49.93784 -10.13 -50.31934 -10.28807 -50.60063 -10.56937 curveto
-50.88193 -10.85066 -51.04 -11.23216 -51.04 -11.63 curveto
-51.04 -12.02785 -50.88193 -12.40935 -50.60063 -12.69064 curveto
-50.31934 -12.97194 -49.93784 -13.13 -49.54 -13.13 curveto
-49.14215 -13.13 -48.76065 -12.97194 -48.47935 -12.69064 curveto
-48.19806 -12.40935 -48.04 -12.02785 -48.04 -11.63 curveto closepath fill
 0.1 0.88333 0 0.4 setcmykcolor
newpath -48.04 -11.63 moveto
-48.04 -11.23216 -48.19806 -10.85066 -48.47935 -10.56937 curveto
-48.76065 -10.28807 -49.14215 -10.13 -49.54 -10.13 curveto
-49.93784 -10.13 -50.31934 -10.28807 -50.60063 -10.56937 curveto
-50.88193 -10.85066 -51.04 -11.23216 -51.04 -11.63 curveto
-51.04 -12.02785 -50.88193 -12.40935 -50.60063 -12.69064 curveto
-50.31934 -12.97194 -49.93784 -13.13 -49.54 -13.13 curveto
-49.14215 -13.13 -48.76065 -12.97194 -48.47935 -12.69064 curveto
-48.19806 -12.40935 -48.04 -12.02785 -48.04 -11.63 curveto closepath stroke
-1 THsetalpha
 0 0 0.10417 0.04 setcmykcolor
newpath 46.65 8.39 moveto
46.65 8.78784 46.49193 9.16934 46.21063 9.45064 curveto
45.92934 9.73193 45.54784 9.89 45.15 9.89 curveto
44.75215 9.89 44.37065 9.73193 44.08936 9.45064 curveto
43.80806 9.16934 43.65 8.78784 43.65 8.39 curveto
43.65 7.99216 43.80806 7.61066 44.08936 7.32936 curveto
44.37065 7.04807 44.75215 6.89 45.15 6.89 curveto
45.54784 6.89 45.92934 7.04807 46.21063 7.32936 curveto
46.49193 7.61066 46.65 7.99216 46.65 8.39 curveto closepath fill
 0.1 0.88333 0 0.4 setcmykcolor
newpath 46.65 8.39 moveto
46.65 8.78784 46.49193 9.16934 46.21063 9.45064 curveto
45.92934 9.73193 45.54784 9.89 45.15 9.89 curveto
44.75215 9.89 44.37065 9.73193 44.08936 9.45064 curveto
43.80806 9.16934 43.65 8.78784 43.65 8.39 curveto
43.65 7.99216 43.80806 7.61066 44.08936 7.32936 curveto
44.37065 7.04807 44.75215 6.89 45.15 6.89 curveto
45.54784 6.89 45.92934 7.04807 46.21063 7.32936 curveto
46.49193 7.61066 46.65 7.99216 46.65 8.39 curveto closepath stroke
-1 THsetalpha
 0 0 0.10417 0.04 setcmykcolor
newpath -92.6 -2.89 moveto
-92.6 -2.49216 -92.75807 -2.11066 -93.03937 -1.82936 curveto
-93.32066 -1.54807 -93.70216 -1.39 -94.1 -1.39 curveto
-94.49785 -1.39 -94.87935 -1.54807 -95.16064 -1.82936 curveto
-95.44194 -2.11066 -95.6 -2.49216 -95.6 -2.89 curveto
-95.6 -3.28784 -95.44194 -3.66934 -95.16064 -3.95064 curveto
-94.87935 -4.23193 -94.49785 -4.39 -94.1 -4.39 curveto
-93.70216 -4.39 -93.32066 -4.23193 -93.03937 -3.95064 curveto
-92.75807 -3.66934 -92.6 -3.28784 -92.6 -2.89 curveto closepath fill
 0.1 0.88333 0 0.4 setcmykcolor
newpath -92.6 -2.89 moveto
-92.6 -2.49216 -92.75807 -2.11066 -93.03937 -1.82936 curveto
-93.32066 -1.54807 -93.70216 -1.39 -94.1 -1.39 curveto
-94.49785 -1.39 -94.87935 -1.54807 -95.16064 -1.82936 curveto
-95.44194 -2.11066 -95.6 -2.49216 -95.6 -2.89 curveto
-95.6 -3.28784 -95.44194 -3.66934 -95.16064 -3.95064 curveto
-94.87935 -4.23193 -94.49785 -4.39 -94.1 -4.39 curveto
-93.70216 -4.39 -93.32066 -4.23193 -93.03937 -3.95064 curveto
-92.75807 -3.66934 -92.6 -3.28784 -92.6 -2.89 curveto closepath stroke
-1 THsetalpha
 0 0 0.10417 0.04 setcmykcolor
newpath -89.76 -53.13 moveto
-89.76 -52.73216 -89.91806 -52.35066 -90.19936 -52.06937 curveto
-90.48065 -51.78807 -90.86215 -51.63 -91.26 -51.63 curveto
-91.65784 -51.63 -92.03934 -51.78807 -92.32063 -52.06937 curveto
-92.60193 -52.35066 -92.76 -52.73216 -92.76 -53.13 curveto
-92.76 -53.52785 -92.60193 -53.90935 -92.32063 -54.19064 curveto
-92.03934 -54.47194 -91.65784 -54.63 -91.26 -54.63 curveto
-90.86215 -54.63 -90.48065 -54.47194 -90.19936 -54.19064 curveto
-89.91806 -53.90935 -89.76 -53.52785 -89.76 -53.13 curveto closepath fill
 0.1 0.88333 0 0.4 setcmykcolor
newpath -89.76 -53.13 moveto
-89.76 -52.73216 -89.91806 -52.35066 -90.19936 -52.06937 curveto
-90.48065 -51.78807 -90.86215 -51.63 -91.26 -51.63 curveto
-91.65784 -51.63 -92.03934 -51.78807 -92.32063 -52.06937 curveto
-92.60193 -52.35066 -92.76 -52.73216 -92.76 -53.13 curveto
-92.76 -53.52785 -92.60193 -53.90935 -92.32063 -54.19064 curveto
-92.03934 -54.47194 -91.65784 -54.63 -91.26 -54.63 curveto
-90.86215 -54.63 -90.48065 -54.47194 -90.19936 -54.19064 curveto
-89.91806 -53.90935 -89.76 -53.52785 -89.76 -53.13 curveto closepath stroke
-1 THsetalpha
 0 0 0.10417 0.04 setcmykcolor
newpath -119.98 -52.94 moveto
-119.98 -52.54216 -120.13806 -52.16066 -120.41936 -51.87936 curveto
-120.70065 -51.59807 -121.08215 -51.44 -121.48 -51.44 curveto
-121.87784 -51.44 -122.25934 -51.59807 -122.54063 -51.87936 curveto
-122.82193 -52.16066 -122.98 -52.54216 -122.98 -52.94 curveto
-122.98 -53.33784 -122.82193 -53.71935 -122.54063 -54.00064 curveto
-122.25934 -54.28194 -121.87784 -54.44 -121.48 -54.44 curveto
-121.08215 -54.44 -120.70065 -54.28194 -120.41936 -54.00064 curveto
-120.13806 -53.71935 -119.98 -53.33784 -119.98 -52.94 curveto closepath fill
 0.1 0.88333 0 0.4 setcmykcolor
newpath -119.98 -52.94 moveto
-119.98 -52.54216 -120.13806 -52.16066 -120.41936 -51.87936 curveto
-120.70065 -51.59807 -121.08215 -51.44 -121.48 -51.44 curveto
-121.87784 -51.44 -122.25934 -51.59807 -122.54063 -51.87936 curveto
-122.82193 -52.16066 -122.98 -52.54216 -122.98 -52.94 curveto
-122.98 -53.33784 -122.82193 -53.71935 -122.54063 -54.00064 curveto
-122.25934 -54.28194 -121.87784 -54.44 -121.48 -54.44 curveto
-121.08215 -54.44 -120.70065 -54.28194 -120.41936 -54.00064 curveto
-120.13806 -53.71935 -119.98 -53.33784 -119.98 -52.94 curveto closepath stroke
-1 THsetalpha
 0 0 0.10417 0.04 setcmykcolor
newpath -138.01 -83.46 moveto
-138.01 -83.06216 -138.16806 -82.68066 -138.44936 -82.39937 curveto
-138.73065 -82.11807 -139.11215 -81.96 -139.51 -81.96 curveto
-139.90784 -81.96 -140.28934 -82.11807 -140.57063 -82.39937 curveto
-140.85193 -82.68066 -141.01 -83.06216 -141.01 -83.46 curveto
-141.01 -83.85785 -140.85193 -84.23935 -140.57063 -84.52065 curveto
-140.28934 -84.80194 -139.90784 -84.96 -139.51 -84.96 curveto
-139.11215 -84.96 -138.73065 -84.80194 -138.44936 -84.52065 curveto
-138.16806 -84.23935 -138.01 -83.85785 -138.01 -83.46 curveto closepath fill
 0.1 0.88333 0 0.4 setcmykcolor
newpath -138.01 -83.46 moveto
-138.01 -83.06216 -138.16806 -82.68066 -138.44936 -82.39937 curveto
-138.73065 -82.11807 -139.11215 -81.96 -139.51 -81.96 curveto
-139.90784 -81.96 -140.28934 -82.11807 -140.57063 -82.39937 curveto
-140.85193 -82.68066 -141.01 -83.06216 -141.01 -83.46 curveto
-141.01 -83.85785 -140.85193 -84.23935 -140.57063 -84.52065 curveto
-140.28934 -84.80194 -139.90784 -84.96 -139.51 -84.96 curveto
-139.11215 -84.96 -138.73065 -84.80194 -138.44936 -84.52065 curveto
-138.16806 -84.23935 -138.01 -83.85785 -138.01 -83.46 curveto closepath stroke
-1 THsetalpha
 0 0 0.10417 0.04 setcmykcolor
newpath -157 -80.37 moveto
-157 -79.97215 -157.15807 -79.59065 -157.43936 -79.30936 curveto
-157.72066 -79.02806 -158.10216 -78.87 -158.5 -78.87 curveto
-158.89784 -78.87 -159.27934 -79.02806 -159.56064 -79.30936 curveto
-159.84193 -79.59065 -160 -79.97215 -160 -80.37 curveto
-160 -80.76784 -159.84193 -81.14934 -159.56064 -81.43063 curveto
-159.27934 -81.71193 -158.89784 -81.87 -158.5 -81.87 curveto
-158.10216 -81.87 -157.72066 -81.71193 -157.43936 -81.43063 curveto
-157.15807 -81.14934 -157 -80.76784 -157 -80.37 curveto closepath fill
 0.1 0.88333 0 0.4 setcmykcolor
newpath -157 -80.37 moveto
-157 -79.97215 -157.15807 -79.59065 -157.43936 -79.30936 curveto
-157.72066 -79.02806 -158.10216 -78.87 -158.5 -78.87 curveto
-158.89784 -78.87 -159.27934 -79.02806 -159.56064 -79.30936 curveto
-159.84193 -79.59065 -160 -79.97215 -160 -80.37 curveto
-160 -80.76784 -159.84193 -81.14934 -159.56064 -81.43063 curveto
-159.27934 -81.71193 -158.89784 -81.87 -158.5 -81.87 curveto
-158.10216 -81.87 -157.72066 -81.71193 -157.43936 -81.43063 curveto
-157.15807 -81.14934 -157 -80.76784 -157 -80.37 curveto closepath stroke
-1 THsetalpha
 0 0 0.10417 0.04 setcmykcolor
newpath -228.61 -108.78 moveto
-228.61 -108.38216 -228.76807 -108.00066 -229.04936 -107.71936 curveto
-229.33066 -107.43806 -229.71216 -107.28 -230.11 -107.28 curveto
-230.50784 -107.28 -230.88934 -107.43806 -231.17064 -107.71936 curveto
-231.45193 -108.00066 -231.61 -108.38216 -231.61 -108.78 curveto
-231.61 -109.17784 -231.45193 -109.55934 -231.17064 -109.84064 curveto
-230.88934 -110.12193 -230.50784 -110.28 -230.11 -110.28 curveto
-229.71216 -110.28 -229.33066 -110.12193 -229.04936 -109.84064 curveto
-228.76807 -109.55934 -228.61 -109.17784 -228.61 -108.78 curveto closepath fill
 0.1 0.88333 0 0.4 setcmykcolor
newpath -228.61 -108.78 moveto
-228.61 -108.38216 -228.76807 -108.00066 -229.04936 -107.71936 curveto
-229.33066 -107.43806 -229.71216 -107.28 -230.11 -107.28 curveto
-230.50784 -107.28 -230.88934 -107.43806 -231.17064 -107.71936 curveto
-231.45193 -108.00066 -231.61 -108.38216 -231.61 -108.78 curveto
-231.61 -109.17784 -231.45193 -109.55934 -231.17064 -109.84064 curveto
-230.88934 -110.12193 -230.50784 -110.28 -230.11 -110.28 curveto
-229.71216 -110.28 -229.33066 -110.12193 -229.04936 -109.84064 curveto
-228.76807 -109.55934 -228.61 -109.17784 -228.61 -108.78 curveto closepath stroke
-1 THsetalpha
 0 0 0.10417 0.04 setcmykcolor
newpath -80.1 -133.14 moveto
-80.1 -132.74216 -80.25807 -132.36066 -80.53937 -132.07936 curveto
-80.82066 -131.79807 -81.20216 -131.64 -81.6 -131.64 curveto
-81.99785 -131.64 -82.37935 -131.79807 -82.66064 -132.07936 curveto
-82.94194 -132.36066 -83.1 -132.74216 -83.1 -133.14 curveto
-83.1 -133.53784 -82.94194 -133.91934 -82.66064 -134.20064 curveto
-82.37935 -134.48193 -81.99785 -134.64 -81.6 -134.64 curveto
-81.20216 -134.64 -80.82066 -134.48193 -80.53937 -134.20064 curveto
-80.25807 -133.91934 -80.1 -133.53784 -80.1 -133.14 curveto closepath fill
 0.1 0.88333 0 0.4 setcmykcolor
newpath -80.1 -133.14 moveto
-80.1 -132.74216 -80.25807 -132.36066 -80.53937 -132.07936 curveto
-80.82066 -131.79807 -81.20216 -131.64 -81.6 -131.64 curveto
-81.99785 -131.64 -82.37935 -131.79807 -82.66064 -132.07936 curveto
-82.94194 -132.36066 -83.1 -132.74216 -83.1 -133.14 curveto
-83.1 -133.53784 -82.94194 -133.91934 -82.66064 -134.20064 curveto
-82.37935 -134.48193 -81.99785 -134.64 -81.6 -134.64 curveto
-81.20216 -134.64 -80.82066 -134.48193 -80.53937 -134.20064 curveto
-80.25807 -133.91934 -80.1 -133.53784 -80.1 -133.14 curveto closepath stroke
-1 THsetalpha
 0 0 0.10417 0.04 setcmykcolor
newpath 4.41 -145.4 moveto
4.41 -145.00215 4.25194 -144.62065 3.97064 -144.33936 curveto
3.68935 -144.05806 3.30785 -143.9 2.91 -143.9 curveto
2.51216 -143.9 2.13066 -144.05806 1.84937 -144.33936 curveto
1.56807 -144.62065 1.41 -145.00215 1.41 -145.4 curveto
1.41 -145.79784 1.56807 -146.17934 1.84937 -146.46063 curveto
2.13066 -146.74193 2.51216 -146.9 2.91 -146.9 curveto
3.30785 -146.9 3.68935 -146.74193 3.97064 -146.46063 curveto
4.25194 -146.17934 4.41 -145.79784 4.41 -145.4 curveto closepath fill
 0.1 0.88333 0 0.4 setcmykcolor
newpath 4.41 -145.4 moveto
4.41 -145.00215 4.25194 -144.62065 3.97064 -144.33936 curveto
3.68935 -144.05806 3.30785 -143.9 2.91 -143.9 curveto
2.51216 -143.9 2.13066 -144.05806 1.84937 -144.33936 curveto
1.56807 -144.62065 1.41 -145.00215 1.41 -145.4 curveto
1.41 -145.79784 1.56807 -146.17934 1.84937 -146.46063 curveto
2.13066 -146.74193 2.51216 -146.9 2.91 -146.9 curveto
3.30785 -146.9 3.68935 -146.74193 3.97064 -146.46063 curveto
4.25194 -146.17934 4.41 -145.79784 4.41 -145.4 curveto closepath stroke
-1 THsetalpha
 0 0 0.10417 0.04 setcmykcolor
newpath -53.57 -212.19 moveto
-53.57 -211.79216 -53.72807 -211.41066 -54.00937 -211.12936 curveto
-54.29066 -210.84807 -54.67216 -210.69 -55.07 -210.69 curveto
-55.46785 -210.69 -55.84935 -210.84807 -56.13065 -211.12936 curveto
-56.41194 -211.41066 -56.57 -211.79216 -56.57 -212.19 curveto
-56.57 -212.58784 -56.41194 -212.96935 -56.13065 -213.25064 curveto
-55.84935 -213.53194 -55.46785 -213.69 -55.07 -213.69 curveto
-54.67216 -213.69 -54.29066 -213.53194 -54.00937 -213.25064 curveto
-53.72807 -212.96935 -53.57 -212.58784 -53.57 -212.19 curveto closepath fill
 0.1 0.88333 0 0.4 setcmykcolor
newpath -53.57 -212.19 moveto
-53.57 -211.79216 -53.72807 -211.41066 -54.00937 -211.12936 curveto
-54.29066 -210.84807 -54.67216 -210.69 -55.07 -210.69 curveto
-55.46785 -210.69 -55.84935 -210.84807 -56.13065 -211.12936 curveto
-56.41194 -211.41066 -56.57 -211.79216 -56.57 -212.19 curveto
-56.57 -212.58784 -56.41194 -212.96935 -56.13065 -213.25064 curveto
-55.84935 -213.53194 -55.46785 -213.69 -55.07 -213.69 curveto
-54.67216 -213.69 -54.29066 -213.53194 -54.00937 -213.25064 curveto
-53.72807 -212.96935 -53.57 -212.58784 -53.57 -212.19 curveto closepath stroke
-1 THsetalpha
 0 0 0.10417 0.04 setcmykcolor
newpath -78.56 -229.01 moveto
-78.56 -228.61215 -78.71806 -228.23065 -78.99936 -227.94936 curveto
-79.28065 -227.66806 -79.66216 -227.51 -80.06 -227.51 curveto
-80.45784 -227.51 -80.83934 -227.66806 -81.12064 -227.94936 curveto
-81.40193 -228.23065 -81.56 -228.61215 -81.56 -229.01 curveto
-81.56 -229.40784 -81.40193 -229.78934 -81.12064 -230.07063 curveto
-80.83934 -230.35193 -80.45784 -230.51 -80.06 -230.51 curveto
-79.66216 -230.51 -79.28065 -230.35193 -78.99936 -230.07063 curveto
-78.71806 -229.78934 -78.56 -229.40784 -78.56 -229.01 curveto closepath fill
 0.1 0.88333 0 0.4 setcmykcolor
newpath -78.56 -229.01 moveto
-78.56 -228.61215 -78.71806 -228.23065 -78.99936 -227.94936 curveto
-79.28065 -227.66806 -79.66216 -227.51 -80.06 -227.51 curveto
-80.45784 -227.51 -80.83934 -227.66806 -81.12064 -227.94936 curveto
-81.40193 -228.23065 -81.56 -228.61215 -81.56 -229.01 curveto
-81.56 -229.40784 -81.40193 -229.78934 -81.12064 -230.07063 curveto
-80.83934 -230.35193 -80.45784 -230.51 -80.06 -230.51 curveto
-79.66216 -230.51 -79.28065 -230.35193 -78.99936 -230.07063 curveto
-78.71806 -229.78934 -78.56 -229.40784 -78.56 -229.01 curveto closepath stroke
-1 THsetalpha
 0 0 0.10417 0.04 setcmykcolor
newpath -102.38 -243.52 moveto
-102.38 -243.12216 -102.53807 -242.74066 -102.81937 -242.45937 curveto
-103.10066 -242.17807 -103.48216 -242.02 -103.88 -242.02 curveto
-104.27785 -242.02 -104.65935 -242.17807 -104.94064 -242.45937 curveto
-105.22194 -242.74066 -105.38 -243.12216 -105.38 -243.52 curveto
-105.38 -243.91785 -105.22194 -244.29935 -104.94064 -244.58064 curveto
-104.65935 -244.86194 -104.27785 -245.02 -103.88 -245.02 curveto
-103.48216 -245.02 -103.10066 -244.86194 -102.81937 -244.58064 curveto
-102.53807 -244.29935 -102.38 -243.91785 -102.38 -243.52 curveto closepath fill
 0.1 0.88333 0 0.4 setcmykcolor
newpath -102.38 -243.52 moveto
-102.38 -243.12216 -102.53807 -242.74066 -102.81937 -242.45937 curveto
-103.10066 -242.17807 -103.48216 -242.02 -103.88 -242.02 curveto
-104.27785 -242.02 -104.65935 -242.17807 -104.94064 -242.45937 curveto
-105.22194 -242.74066 -105.38 -243.12216 -105.38 -243.52 curveto
-105.38 -243.91785 -105.22194 -244.29935 -104.94064 -244.58064 curveto
-104.65935 -244.86194 -104.27785 -245.02 -103.88 -245.02 curveto
-103.48216 -245.02 -103.10066 -244.86194 -102.81937 -244.58064 curveto
-102.53807 -244.29935 -102.38 -243.91785 -102.38 -243.52 curveto closepath stroke
-1 THsetalpha
 0 0 0.10417 0.04 setcmykcolor
newpath 16.2 -195.52 moveto
16.2 -195.12216 16.04193 -194.74066 15.76064 -194.45937 curveto
15.47934 -194.17807 15.09784 -194.02 14.7 -194.02 curveto
14.30215 -194.02 13.92065 -194.17807 13.63936 -194.45937 curveto
13.35806 -194.74066 13.2 -195.12216 13.2 -195.52 curveto
13.2 -195.91785 13.35806 -196.29935 13.63936 -196.58064 curveto
13.92065 -196.86194 14.30215 -197.02 14.7 -197.02 curveto
15.09784 -197.02 15.47934 -196.86194 15.76064 -196.58064 curveto
16.04193 -196.29935 16.2 -195.91785 16.2 -195.52 curveto closepath fill
 0.1 0.88333 0 0.4 setcmykcolor
newpath 16.2 -195.52 moveto
16.2 -195.12216 16.04193 -194.74066 15.76064 -194.45937 curveto
15.47934 -194.17807 15.09784 -194.02 14.7 -194.02 curveto
14.30215 -194.02 13.92065 -194.17807 13.63936 -194.45937 curveto
13.35806 -194.74066 13.2 -195.12216 13.2 -195.52 curveto
13.2 -195.91785 13.35806 -196.29935 13.63936 -196.58064 curveto
13.92065 -196.86194 14.30215 -197.02 14.7 -197.02 curveto
15.09784 -197.02 15.47934 -196.86194 15.76064 -196.58064 curveto
16.04193 -196.29935 16.2 -195.91785 16.2 -195.52 curveto closepath stroke
showpage
%%EOF
