%!PS
%%BoundingBox: -270 -61 275 64 
%%HiResBoundingBox: -269.15443 -60.59827 274.64 63.87808 
%%Creator: MetaPost 2.02
%%CreationDate: 2023.12.12:1531
%%Pages: 1
%%BeginProlog
%%EndProlog
%%Page: 1 1
 0 0 0 1 setcmykcolor 0 1.2 dtransform truncate idtransform setlinewidth pop
 [] 0 setdash 1 setlinecap 1 setlinejoin 10 setmiterlimit
newpath 264.37 12.94 moveto
264.37 12.94 213.43 26.61 203.74 29.98 curveto
152.44 47.82 156.83 36.58 121.36 32.72 curveto
96.9 30.05 70.49 34.78 49.63 44.14 curveto
38.02 49.34 13.45 44.66 -10.85 44.54 curveto
-32.94 44.42 -47.48 45.64 -54.64 46.22 curveto
-61.76 46.8 -240.01 74.53 -255.12 58.06 curveto
-270.24 41.59 -274.03 45.9 -259.04 35.01 curveto
-244.04 24.11 -187.85 31.4 -170.41 19.37 curveto
-152.9 7.28 -123.94 17.37 -122.25 -2.04 curveto
-120.55 -21.48 -139.38 -29.24 -143.37 -31.48 curveto stroke
 0.83 0.54 0 0 setcmykcolor 0 0.42001
 dtransform truncate idtransform setlinewidth pop
newpath -128.71 -44.68 moveto
-130.44485 -43.0988 -128.58789 -40.59563 -126.33124 -38.76802 curveto
-124.1047 -36.96481 -121.61765 -34.87105 -123.29892 -33.16281 curveto
-125.24986 -31.1806 -123.16383 -27.47267 -119.5366 -28.02255 curveto
-117.08867 -28.39366 -116.63565 -25.03687 -114.86 -23.71 curveto
-114.86 -23.71 lineto stroke
newpath -115.8342 -27.58954 moveto
-115.50172 -26.35773 -115.51212 -24.80695 -114.86 -23.71 curveto
-114.86 -23.71 lineto
-114.86 -23.71 lineto
-116.09677 -24.02454 -117.18602 -25.12842 -118.29214 -25.76434 curveto
 closepath stroke
newpath -115.8342 -27.58954 moveto
-115.50172 -26.35773 -115.51212 -24.80695 -114.86 -23.71 curveto
-114.86 -23.71 lineto
-114.86 -23.71 lineto
-116.09677 -24.02454 -117.18602 -25.12842 -118.29214 -25.76434 curveto
 closepath fill
 0 0 0 1 setcmykcolor 0 1.2 dtransform truncate idtransform setlinewidth pop
newpath -143.37 -31.48 moveto
-143.37 -31.48 -161.02 -42.85 -128.09 -52.67 curveto
-95.16 -62.5 -92.59 -61.29 -89.97 -55.77 curveto stroke
 0.83 0.54 0 0 setcmykcolor 0 0.42001
 dtransform truncate idtransform setlinewidth pop
newpath 53.47 31.13 moveto
55.89046 32.70265 59.0216 32.98056 60.22124 30.76572 curveto
61.49934 28.40596 64.86792 28.32942 66.97244 30.40144 curveto
68.8235 32.22392 71.83684 31.94357 73.72366 30.03719 curveto
75.85175 27.88704 79.14001 27.4645 80.4756 29.67287 curveto
82.01108 32.21175 85.78954 32.02306 87.22684 29.30858 curveto
88.51433 26.87701 91.97667 26.74046 93.97806 28.94432 curveto
95.70467 30.8456 98.33217 28.70938 100.72926 28.58005 curveto
100.73 28.58 lineto stroke
newpath 96.76846 28.02692 moveto
98.0268 28.23146 99.51834 28.15303 100.72931 28.57977 curveto
100.73 28.58 lineto
100.72934 28.58032 lineto
99.57132 29.13487 98.57211 30.24504 97.53772 30.9902 curveto
 closepath stroke
newpath 96.76846 28.02692 moveto
98.0268 28.23146 99.51834 28.15303 100.72931 28.57977 curveto
100.73 28.58 lineto
100.72934 28.58032 lineto
99.57132 29.13487 98.57211 30.24504 97.53772 30.9902 curveto
 closepath fill
newpath 203.08 12.04 moveto
205.47632 10.89069 206.86874 8.33107 205.49344 6.4901 curveto
204.15816 4.70273 205.91396 2.44113 208.1925 1.0736 curveto
210.12721 -0.08757 211.60617 -2.03705 211.18568 -4.18576 curveto
210.75748 -6.37395 212.39072 -8.33131 214.53955 -9.2221 curveto
216.72568 -10.12837 218.77177 -11.73204 218.3764 -13.89842 curveto
217.90964 -16.45609 220.34166 -18.6032 222.9053 -17.89764 curveto
225.61473 -17.15196 228.3482 -18.58803 228.14273 -20.92004 curveto
227.94537 -23.16003 230.94891 -23.42749 233.6813 -23.35738 curveto
235.88264 -23.30089 238.26016 -23.59204 239.36342 -25.43811 curveto
240.67725 -27.6365 243.31267 -28.71191 245.12888 -27.28076 curveto
246.87387 -25.90572 249.26096 -27.15926 250.94469 -28.95503 curveto
252.59375 -30.71384 254.99402 -31.81639 256.7947 -30.50937 curveto
258.8012 -29.05295 261.63586 -29.74986 262.66537 -31.98108 curveto
263.62625 -34.06355 266.33304 -34.48676 268.54749 -33.40619 curveto
270.5067 -32.45016 272.38832 -34.33087 274.43 -34.83 curveto
274.43 -34.83 lineto stroke
newpath 270.43 -34.83641 moveto
271.68513 -34.70784 273.13191 -35.03009 274.43 -34.83 curveto
274.43 -34.83 lineto
274.43 -34.83 lineto
273.37065 -34.05359 272.57552 -32.80269 271.59708 -32.00606 curveto
 closepath stroke
newpath 270.43 -34.83641 moveto
271.68513 -34.70784 273.13191 -35.03009 274.43 -34.83 curveto
274.43 -34.83 lineto
274.43 -34.83 lineto
273.37065 -34.05359 272.57552 -32.80269 271.59708 -32.00606 curveto
 closepath fill
 0 0 0 1 setcmykcolor 0 1.2 dtransform truncate idtransform setlinewidth pop
newpath -53.3 -4.66 moveto
-53.3 -4.66 -81.8 -8.07 -76.29 -17.82 curveto
-74.7 -20.62 -75.9 -22.41 -82.71 -40.67 curveto
-84.01 -44.13 -87.01 -52.1 -89.97 -55.77 curveto stroke
newpath -53.3 -4.66 moveto
-53.3 -4.66 -12.57 -0.74 -0.58 2.18 curveto
17.64 6.62 41.92 15.52 50.42 19.37 curveto
54.5 21.22 81.11 26.86 89.38 26 curveto
97.64 25.14 107.76 16.12 108.41 15.85 curveto
137.46 3.64 135.16 -2.09 150.31 -4.63 curveto
165.48 -7.18 245.36 2.35 262.31 -1 curveto stroke
-1 THsetalpha
 0 0 0.10417 0.04 setcmykcolor
newpath 123.54 31.39 moveto
123.54 31.78784 123.38193 32.16934 123.10063 32.45064 curveto
122.81934 32.73193 122.43784 32.89 122.04 32.89 curveto
121.64215 32.89 121.26065 32.73193 120.97935 32.45064 curveto
120.69806 32.16934 120.54 31.78784 120.54 31.39 curveto
120.54 30.99216 120.69806 30.61066 120.97935 30.32936 curveto
121.26065 30.04807 121.64215 29.89 122.04 29.89 curveto
122.43784 29.89 122.81934 30.04807 123.10063 30.32936 curveto
123.38193 30.61066 123.54 30.99216 123.54 31.39 curveto closepath fill
 0.1 0.88333 0 0.4 setcmykcolor 0 0.6
 dtransform truncate idtransform setlinewidth pop
newpath 123.54 31.39 moveto
123.54 31.78784 123.38193 32.16934 123.10063 32.45064 curveto
122.81934 32.73193 122.43784 32.89 122.04 32.89 curveto
121.64215 32.89 121.26065 32.73193 120.97935 32.45064 curveto
120.69806 32.16934 120.54 31.78784 120.54 31.39 curveto
120.54 30.99216 120.69806 30.61066 120.97935 30.32936 curveto
121.26065 30.04807 121.64215 29.89 122.04 29.89 curveto
122.43784 29.89 122.81934 30.04807 123.10063 30.32936 curveto
123.38193 30.61066 123.54 30.99216 123.54 31.39 curveto closepath stroke
-1 THsetalpha
 0 0 0.10417 0.04 setcmykcolor
newpath 47.11 27.38 moveto
47.11 27.77785 46.95193 28.15935 46.67064 28.44064 curveto
46.38934 28.72194 46.00784 28.88 45.61 28.88 curveto
45.21216 28.88 44.83066 28.72194 44.54936 28.44064 curveto
44.26807 28.15935 44.11 27.77785 44.11 27.38 curveto
44.11 26.98216 44.26807 26.60066 44.54936 26.31937 curveto
44.83066 26.03807 45.21216 25.88 45.61 25.88 curveto
46.00784 25.88 46.38934 26.03807 46.67064 26.31937 curveto
46.95193 26.60066 47.11 26.98216 47.11 27.38 curveto closepath fill
 0.1 0.88333 0 0.4 setcmykcolor
newpath 47.11 27.38 moveto
47.11 27.77785 46.95193 28.15935 46.67064 28.44064 curveto
46.38934 28.72194 46.00784 28.88 45.61 28.88 curveto
45.21216 28.88 44.83066 28.72194 44.54936 28.44064 curveto
44.26807 28.15935 44.11 27.77785 44.11 27.38 curveto
44.11 26.98216 44.26807 26.60066 44.54936 26.31937 curveto
44.83066 26.03807 45.21216 25.88 45.61 25.88 curveto
46.00784 25.88 46.38934 26.03807 46.67064 26.31937 curveto
46.95193 26.60066 47.11 26.98216 47.11 27.38 curveto closepath stroke
-1 THsetalpha
 0 0 0.10417 0.04 setcmykcolor
newpath -51.78 45.11 moveto
-51.78 45.50784 -51.93806 45.88934 -52.21936 46.17064 curveto
-52.50066 46.45193 -52.88216 46.61 -53.28 46.61 curveto
-53.67784 46.61 -54.05934 46.45193 -54.34064 46.17064 curveto
-54.62193 45.88934 -54.78 45.50784 -54.78 45.11 curveto
-54.78 44.71216 -54.62193 44.33066 -54.34064 44.04936 curveto
-54.05934 43.76807 -53.67784 43.61 -53.28 43.61 curveto
-52.88216 43.61 -52.50066 43.76807 -52.21936 44.04936 curveto
-51.93806 44.33066 -51.78 44.71216 -51.78 45.11 curveto closepath fill
 0.1 0.88333 0 0.4 setcmykcolor
newpath -51.78 45.11 moveto
-51.78 45.50784 -51.93806 45.88934 -52.21936 46.17064 curveto
-52.50066 46.45193 -52.88216 46.61 -53.28 46.61 curveto
-53.67784 46.61 -54.05934 46.45193 -54.34064 46.17064 curveto
-54.62193 45.88934 -54.78 45.50784 -54.78 45.11 curveto
-54.78 44.71216 -54.62193 44.33066 -54.34064 44.04936 curveto
-54.05934 43.76807 -53.67784 43.61 -53.28 43.61 curveto
-52.88216 43.61 -52.50066 43.76807 -52.21936 44.04936 curveto
-51.93806 44.33066 -51.78 44.71216 -51.78 45.11 curveto closepath stroke
-1 THsetalpha
 0 0 0.10417 0.04 setcmykcolor
newpath -117.14 -24.27 moveto
-117.14 -23.87216 -117.29807 -23.49066 -117.57936 -23.20937 curveto
-117.86066 -22.92807 -118.24216 -22.77 -118.64 -22.77 curveto
-119.03784 -22.77 -119.41934 -22.92807 -119.70064 -23.20937 curveto
-119.98193 -23.49066 -120.14 -23.87216 -120.14 -24.27 curveto
-120.14 -24.66785 -119.98193 -25.04935 -119.70064 -25.33064 curveto
-119.41934 -25.61194 -119.03784 -25.77 -118.64 -25.77 curveto
-118.24216 -25.77 -117.86066 -25.61194 -117.57936 -25.33064 curveto
-117.29807 -25.04935 -117.14 -24.66785 -117.14 -24.27 curveto closepath fill
 0.1 0.88333 0 0.4 setcmykcolor
newpath -117.14 -24.27 moveto
-117.14 -23.87216 -117.29807 -23.49066 -117.57936 -23.20937 curveto
-117.86066 -22.92807 -118.24216 -22.77 -118.64 -22.77 curveto
-119.03784 -22.77 -119.41934 -22.92807 -119.70064 -23.20937 curveto
-119.98193 -23.49066 -120.14 -23.87216 -120.14 -24.27 curveto
-120.14 -24.66785 -119.98193 -25.04935 -119.70064 -25.33064 curveto
-119.41934 -25.61194 -119.03784 -25.77 -118.64 -25.77 curveto
-118.24216 -25.77 -117.86066 -25.61194 -117.57936 -25.33064 curveto
-117.29807 -25.04935 -117.14 -24.66785 -117.14 -24.27 curveto closepath stroke
-1 THsetalpha
 0 0 0.10417 0.04 setcmykcolor
newpath -120.01 5.53 moveto
-120.01 5.92784 -120.16806 6.30934 -120.44936 6.59064 curveto
-120.73065 6.87193 -121.11215 7.03 -121.51 7.03 curveto
-121.90784 7.03 -122.28934 6.87193 -122.57063 6.59064 curveto
-122.85193 6.30934 -123.01 5.92784 -123.01 5.53 curveto
-123.01 5.13216 -122.85193 4.75066 -122.57063 4.46936 curveto
-122.28934 4.18806 -121.90784 4.03 -121.51 4.03 curveto
-121.11215 4.03 -120.73065 4.18806 -120.44936 4.46936 curveto
-120.16806 4.75066 -120.01 5.13216 -120.01 5.53 curveto closepath fill
 0.1 0.88333 0 0.4 setcmykcolor
newpath -120.01 5.53 moveto
-120.01 5.92784 -120.16806 6.30934 -120.44936 6.59064 curveto
-120.73065 6.87193 -121.11215 7.03 -121.51 7.03 curveto
-121.90784 7.03 -122.28934 6.87193 -122.57063 6.59064 curveto
-122.85193 6.30934 -123.01 5.92784 -123.01 5.53 curveto
-123.01 5.13216 -122.85193 4.75066 -122.57063 4.46936 curveto
-122.28934 4.18806 -121.90784 4.03 -121.51 4.03 curveto
-121.11215 4.03 -120.73065 4.18806 -120.44936 4.46936 curveto
-120.16806 4.75066 -120.01 5.13216 -120.01 5.53 curveto closepath stroke
showpage
%%EOF
