%!PS
%%BoundingBox: -180 -226 210 186 
%%HiResBoundingBox: -179.21321 -225.11 209.71 185.01212 
%%Creator: MetaPost 2.02
%%CreationDate: 2023.12.12:1531
%%Pages: 1
%%BeginProlog
%%EndProlog
%%Page: 1 1
 0 0.42001 dtransform truncate idtransform setlinewidth pop [] 0 setdash
 1 setlinecap 1 setlinejoin 10 setmiterlimit
newpath 40.34 13.27 moveto
43.7 9.4 53.68 -1.9 53.3 -10 curveto
52.93 -18.07 41.97 -30.39 42.4 -35.13 curveto
42.84 -39.88 64.31 -73.15 64.16 -75.53 curveto
64.02 -77.91 76.63 -111.86 83.44 -115.56 curveto
90.26 -119.25 131.18 -130.95 133.94 -134.45 curveto
136.71 -137.97 112.42 -170.68 103.89 -179.76 curveto
95.36 -188.83 104.85 -223.08 104.85 -223.08 curveto stroke
newpath 110.19 -224.9 moveto
110.06 -182.75 121.78 -178.15 123.85 -172.33 curveto
135.51 -139.49 155.27 -126.2 155.27 -126.2 curveto
155.27 -126.2 189.04 -83.46 196.56 -76.83 curveto
204.09 -70.2 209.1 -64.37 209.5 -60.57 curveto stroke
newpath 192.55 -61.35 moveto
193.78 -63.88 156.95 -100.17 147.04 -114.56 curveto
137.12 -128.96 119.96 -104.6 105.91 -96.98 curveto
91.86 -89.37 80.16 -51.09 79.84 -48.37 curveto
79.52 -45.65 59.63 -4.04 59.63 -4.04 curveto
59.63 -4.04 57.27 8.73 53 14.31 curveto stroke
newpath 53 14.31 moveto
48.76 19.89 51.78 21.12 53.88 26.45 curveto stroke
newpath 53.88 26.45 moveto
55.91 31.78 80.71 46.56 83.29 48.71 curveto
85.87 50.85 85.16 76.56 81.15 77.66 curveto
69.38 80.9 69.98 64.64 62.29 62.99 curveto
54.54 61.32 53.65 71.28 52.19 73.82 curveto stroke
newpath 52.19 73.82 moveto
50.74 76.37 30.8 103.24 26.05 108.21 curveto stroke
newpath 26.05 108.21 moveto
20.85 113.63 17.38 116.71 2.43 114.92 curveto
-12.51 113.13 -30.51 108.8 -69.63 110.4 curveto
-81.99 110.9 -102.67 116.65 -114.51 118.55 curveto
-126.35 120.45 -135.58 115.48 -141.31 118 curveto
-146 120.06 -150.05 132.14 -150.36 136.86 curveto
-150.63 140.91 -132.71 156.75 -132.71 156.75 curveto stroke
newpath -132.71 156.75 moveto
-132.71 156.75 -123.32 174.35 -127.18 179.43 curveto
-130.35 183.61 -128.88 186.24 -137.97 183.96 curveto
-147.06 181.68 -149.54 170.12 -149.69 168.99 curveto stroke
newpath -149.69 168.99 moveto
-149.69 168.99 -174.51 124.26 -174.58 122.69 curveto
-174.66 121.12 -187.09 106.14 -169.92 97.51 curveto
-151.68 88.33 -143.24 86.14 -137.16 86.3 curveto
-131.08 86.47 -133 90.79 -119.64 90.66 curveto
-107.49 90.54 -105.71 89.78 -94.43 90.38 curveto
-42.73 93.15 9.8 103.75 9.8 103.75 curveto
9.8 103.75 13.06 105.85 20.14 96.94 curveto stroke
newpath 20.14 96.94 moveto
27.21 88.06 21.2 89.87 26.59 84.48 curveto
31.53 79.53 40.88 72.55 35.86 71.43 curveto stroke
newpath 35.86 71.43 moveto
22.16 68.34 -6.08 66.12 -7.35 63.02 curveto
-8.61 59.93 -52.14 9.92 -53.67 5.94 curveto
-54.91 2.73 -48.88 -12.3 -39.88 -2.58 curveto
-30.87 7.14 -10.14 46.49 0.76 48.23 curveto
11.65 49.98 39.63 61.86 45 59.73 curveto
52.08 56.93 69.83 52.22 65.58 47.71 curveto
61.34 43.19 51.09 34.92 47.24 34.21 curveto
43.35 33.5 43.83 33.92 40.17 33.41 curveto stroke
newpath 40.17 33.41 moveto
30.27 31.99 28.94 25.58 33.27 22.6 curveto
38.54 18.97 36.67 17.47 40.34 13.27 curveto stroke
showpage
%%EOF
