%!PS
%%BoundingBox: -495 -100 491 113 
%%HiResBoundingBox: -494.32 -99.7435 490.66287 112.83961 
%%Creator: MetaPost 2.02
%%CreationDate: 2023.12.12:1531
%%Pages: 1
%%BeginProlog
%%EndProlog
%%Page: 1 1
 0 0.42001 dtransform truncate idtransform setlinewidth pop [] 0 setdash
 1 setlinecap 1 setlinejoin 10 setmiterlimit
newpath -453.1 105.21 moveto
-436.02 109.14 -404.16 111.03 -382.46 112.28 curveto
-360.77 113.52 -358.06 111.12 -351.45 110.38 curveto
-323.66 107.27 -182.52 99.1 -182.52 99.1 curveto
-182.52 99.1 -55.82 88.36 -34.17 84.21 curveto
-12.52 80.05 74.05 71.69 81.84 69.96 curveto
89.61 68.24 115.2 71.07 131.77 65.06 curveto
148.45 59.01 221.92 52.3 233.54 49.97 curveto
245.17 47.65 274.33 63.02 285.99 61.13 curveto
297.62 59.23 297.07 62.16 317.14 53.36 curveto
371.07 29.68 370.25 32.88 370.25 32.88 curveto
421.27 34.12 lineto
421.27 34.12 467.77 25.65 475.75 17.84 curveto
483.73 10.03 497.77 6.67 485.83 1.81 curveto
473.89 -3.04 476.2 -6.53 460.68 -10.77 curveto
447.32 -14.41 414.1 -13.57 396.73 -8.93 curveto
379.35 -4.29 363.63 1.85 353.83 4.56 curveto
344.04 7.27 319.89 7.06 314.24 -3.04 curveto
302.51 -24 300.53 -36.63 290.24 -40.22 curveto
279.95 -43.8 264.71 -42.44 253.8 -50.06 curveto
242.88 -57.69 232.24 -74.35 221.01 -78.58 curveto
209.78 -82.8 190.52 -60.73 159.73 -83.65 curveto stroke
newpath 159.73 -83.65 moveto
159.73 -83.65 145.75 -92.28 137.77 -97.54 curveto
129.81 -102.79 104.41 -95.97 102.14 -96.32 curveto
99.87 -96.67 95.16 -91.5 88.96 -84.5 curveto
82.78 -77.51 91.87 -49.31 91.72 -47.06 curveto
91.56 -44.81 98.27 -36.73 98.27 -36.73 curveto stroke
newpath 98.27 -36.73 moveto
100.37 -34.12 109.35 -30.8 104.16 -26.26 curveto
99.01 -21.76 99.73 -21.09 90.67 -18.88 curveto
81.52 -16.65 65.44 -22.91 58.83 -24.64 curveto
52.23 -26.36 39.03 -29.82 36.53 -30.15 curveto
34.04 -30.49 25.24 -34.59 22.12 -34.39 curveto
10.67 -33.64 5.97 -42.9 -14.93 -56.83 curveto
-35.84 -70.76 -23.02 -66.15 -35.36 -79.79 curveto
-47.7 -93.41 -49.31 -89.28 -54.02 -88.84 curveto
-58.72 -88.4 -64.23 -80.94 -83.75 -74.4 curveto
-105.38 -67.15 -122.46 -69.67 -139.34 -64.61 curveto
-156.24 -59.55 -156.73 -60.43 -187.75 -53.82 curveto
-190.48 -53.24 -202.85 -48.84 -224.99 -59.75 curveto
-247.13 -70.67 -238.55 -89.78 -253.03 -86.18 curveto
-267.52 -82.58 -263.26 -58.88 -267.77 -49.21 curveto
-272.28 -39.53 -263.72 -34.74 -256.15 -26.98 curveto
-248.57 -19.22 -239.94 -17.59 -221.34 -20.03 curveto
-202.75 -22.47 -176.77 -16.24 -165.12 -17.68 curveto
-153.46 -19.12 -125.09 -22.52 -106.34 -13.67 curveto
-72.54 2.3 -55.72 -3.65 -55.72 -3.65 curveto
-55.72 -3.65 -48.67 -1.94 -39.94 -12.69 curveto
-38.02 -15.06 -33.52 -43.07 -22.75 -40.49 curveto
-9.32 -37.26 4.57 -33.6 10.61 -20.34 curveto
12.7 -15.76 1.91 11.91 7.93 13.74 curveto
21.41 17.82 32.62 18.43 39.46 18.76 curveto
45.74 19.05 81.56 15.47 87.61 21.01 curveto
88.77 22.07 89.12 30.35 89.12 30.35 curveto stroke
newpath 89.12 30.35 moveto
89.12 30.35 87.71 33.56 94.31 36.17 curveto
100.9 38.79 104.1 40.2 105.3 41.72 curveto
106.49 43.24 109.41 43.55 109.41 43.55 curveto stroke
newpath 109.41 43.55 moveto
114.57 43.76 111.31 45.72 109.79 46.46 curveto
108.26 47.2 105.59 47.54 105.59 47.54 curveto stroke
newpath 105.59 47.54 moveto
105.59 47.54 95.09 47.61 81.37 50.47 curveto
67.55 53.35 -25.14 55.64 -39.65 58.11 curveto
-54.17 60.59 -174.79 46.94 -184.87 48.3 curveto
-194.94 49.67 -308.56 54.06 -377.89 41.3 curveto
-390.85 38.92 -439.65 65.14 -446.31 76.95 curveto
-446.64 77.54 -446.03 77.84 -456.54 89.59 curveto stroke
newpath -456.54 89.59 moveto
-494.11 95.41 lineto stroke
newpath -490.9 106.3 moveto
-453.1 105.21 lineto stroke
newpath 172.99 -46.37 moveto
172.99 -46.37 161.62 -53.72 171.9 -54.9 curveto stroke
newpath 171.9 -54.9 moveto
171.9 -54.9 196.97 -52.72 207.7 -48.93 curveto
218.44 -45.13 231.65 -36.69 232.14 -30.63 curveto
232.64 -24.57 228.45 -22.59 208.58 -28.92 curveto
201.22 -31.26 196.43 -34.66 193.46 -35.87 curveto
190.49 -37.08 172.99 -46.37 172.99 -46.37 curveto stroke
newpath 143.28 44.63 moveto
143.28 44.63 213.16 18.86 234.85 19.47 curveto
256.54 20.08 308.43 22.02 302.11 26.15 curveto
295.79 30.27 284.17 36.64 270.9 37.69 curveto
257.63 38.74 124.67 52.45 143.28 44.63 curveto stroke
showpage
%%EOF
