%!PS
%%BoundingBox: -8 -15 7 14 
%%HiResBoundingBox: -7.25 -14.41 6.47 13.23001 
%%Creator: MetaPost 2.02
%%CreationDate: 2023.12.12:1531
%%Pages: 1
%%BeginProlog
%%EndProlog
%%Page: 1 1
 0 0 0 1 setcmykcolor 0 1.2 dtransform truncate idtransform setlinewidth pop
 [] 0 setdash 1 setlinecap 1 setlinejoin 10 setmiterlimit
newpath -6.65 8.78 moveto
-6.65 8.78 2.46 6 -2.02 -0.19 curveto stroke
newpath 3.58 1.67 moveto
7.24 7.65 -1.93 12.63 -1.93 12.63 curveto stroke
-1 THsetalpha
 0 0 0.10417 0.04 setcmykcolor
newpath 2.78 -12.61 moveto
2.78 -12.21216 2.62193 -11.83066 2.34064 -11.54936 curveto
2.05934 -11.26807 1.67784 -11.11 1.28 -11.11 curveto
0.88216 -11.11 0.50066 -11.26807 0.21936 -11.54936 curveto
-0.06194 -11.83066 -0.22 -12.21216 -0.22 -12.61 curveto
-0.22 -13.00784 -0.06194 -13.38934 0.21936 -13.67064 curveto
0.50066 -13.95193 0.88216 -14.11 1.28 -14.11 curveto
1.67784 -14.11 2.05934 -13.95193 2.34064 -13.67064 curveto
2.62193 -13.38934 2.78 -13.00784 2.78 -12.61 curveto closepath fill
 0.1 0.88333 0 0.4 setcmykcolor 0 0.6
 dtransform truncate idtransform setlinewidth pop
newpath 2.78 -12.61 moveto
2.78 -12.21216 2.62193 -11.83066 2.34064 -11.54936 curveto
2.05934 -11.26807 1.67784 -11.11 1.28 -11.11 curveto
0.88216 -11.11 0.50066 -11.26807 0.21936 -11.54936 curveto
-0.06194 -11.83066 -0.22 -12.21216 -0.22 -12.61 curveto
-0.22 -13.00784 -0.06194 -13.38934 0.21936 -13.67064 curveto
0.50066 -13.95193 0.88216 -14.11 1.28 -14.11 curveto
1.67784 -14.11 2.05934 -13.95193 2.34064 -13.67064 curveto
2.62193 -13.38934 2.78 -13.00784 2.78 -12.61 curveto closepath stroke
-1 THsetalpha
 0 0 0.10417 0.04 setcmykcolor
newpath 6.17 4.18 moveto
6.17 4.57784 6.01193 4.95934 5.73064 5.24063 curveto
5.44934 5.52193 5.06784 5.68 4.67 5.68 curveto
4.27216 5.68 3.89066 5.52193 3.60936 5.24063 curveto
3.32806 4.95934 3.17 4.57784 3.17 4.18 curveto
3.17 3.78215 3.32806 3.40065 3.60936 3.11935 curveto
3.89066 2.83806 4.27216 2.68 4.67 2.68 curveto
5.06784 2.68 5.44934 2.83806 5.73064 3.11935 curveto
6.01193 3.40065 6.17 3.78215 6.17 4.18 curveto closepath fill
 0.1 0.88333 0 0.4 setcmykcolor
newpath 6.17 4.18 moveto
6.17 4.57784 6.01193 4.95934 5.73064 5.24063 curveto
5.44934 5.52193 5.06784 5.68 4.67 5.68 curveto
4.27216 5.68 3.89066 5.52193 3.60936 5.24063 curveto
3.32806 4.95934 3.17 4.57784 3.17 4.18 curveto
3.17 3.78215 3.32806 3.40065 3.60936 3.11935 curveto
3.89066 2.83806 4.27216 2.68 4.67 2.68 curveto
5.06784 2.68 5.44934 2.83806 5.73064 3.11935 curveto
6.01193 3.40065 6.17 3.78215 6.17 4.18 curveto closepath stroke
showpage
%%EOF
