%!PS
%%BoundingBox: -1 -1 39 24 
%%HiResBoundingBox: -0.42 -0.42 38.09999 23.70609 
%%Creator: MetaPost 2.02
%%CreationDate: 2023.12.12:1531
%%Pages: 1
%%BeginProlog
%%EndProlog
%%Page: 1 1
gsave newpath 0 0 moveto
37.68 0 lineto
37.68 23.28609 lineto
0 23.28609 lineto
 closepath clip
 0 0 0.10417 0.04 setcmykcolor
newpath 0 0 moveto
37.68 0 lineto
37.68 23.28609 lineto
0 23.28609 lineto
 closepath fill
 0 0 0 1 setcmykcolor 0 1.2 dtransform truncate idtransform setlinewidth pop
 [] 0 setdash 1 setlinecap 1 setlinejoin 10 setmiterlimit
newpath -11.30411 11.64305 moveto
-7.60603 6.17932 3.04091 3.98631 11.30411 6.9859 curveto
17.53026 9.24608 20.14973 14.04001 26.37589 16.30019 curveto
34.63908 19.29977 45.28603 17.10677 48.9841 11.64305 curveto stroke
 0 0.6 dtransform truncate idtransform setlinewidth pop
newpath -9.63739 11.91637 moveto
-9.29445 11.52724 -8.94595 11.14091 -8.54422 10.81247 curveto
-8.13112 10.47472 -7.71011 10.14537 -7.25577 9.86531 curveto
-6.7919 9.57938 -6.32002 9.30574 -5.8274 9.07266 curveto
-5.32771 8.83626 -4.82068 8.61519 -4.30089 8.42697 curveto
-3.77596 8.2369 -3.24463 8.0647 -2.70566 7.91908 curveto
-2.16318 7.7725 -1.61537 7.64636 -1.06331 7.5415 curveto
-0.50908 7.43623 0.04922 7.35402 0.60957 7.28868 curveto
1.1713 7.22318 1.73563 7.18364 2.30052 7.15712 curveto
2.86565 7.13058 3.4316 7.13342 3.99718 7.14565 curveto
4.56238 7.15785 5.1261 7.20332 5.68906 7.2547 curveto
6.25087 7.30598 6.80826 7.39505 7.3649 7.48648 curveto
7.91988 7.57764 8.46645 7.71185 9.0129 7.84464 curveto
9.5495 7.97502 10.07527 8.14513 10.59692 8.32616 curveto
11.11078 8.5045 11.61765 8.70316 12.10826 8.93806 curveto
12.60962 9.17812 13.10759 9.42601 13.58585 9.7094 curveto
14.07103 9.9969 14.5494 10.29602 15.0126 10.61778 curveto
15.4858 10.94647 15.95084 11.28674 16.40784 11.6376 curveto
16.87656 11.99745 17.33922 12.36511 17.80138 12.73335 curveto
18.2759 13.11145 18.74995 13.49016 19.2295 13.86185 curveto
19.72095 14.24275 20.21986 14.61395 20.72742 14.97311 curveto
21.24542 15.33966 21.77899 15.6835 22.32101 16.01346 curveto
22.87054 16.34798 23.4413 16.64566 24.01765 16.93138 curveto
24.60643 17.22327 25.21387 17.47543 25.83199 17.69849 curveto
26.44179 17.91853 27.05714 18.12416 27.68535 18.28452 curveto
28.3038 18.44238 28.92296 18.59943 29.5517 18.70973 curveto
30.17815 18.81964 30.80573 18.92516 31.43854 18.98958 curveto
32.07025 19.0539 32.703 19.11034 33.33769 19.1305 curveto
33.97162 19.15062 34.60606 19.15952 35.23991 19.13617 curveto
35.87398 19.11282 36.50755 19.07465 37.13852 19.00766 curveto
37.77051 18.94057 38.40044 18.85464 39.02606 18.7428 curveto
39.65395 18.63055 40.27742 18.4949 40.89505 18.3357 curveto
41.51595 18.17564 42.12894 17.98663 42.73457 17.77612 curveto
43.34511 17.5639 43.94235 17.31578 44.53062 17.04803 curveto
45.12587 16.7771 45.69934 16.46161 46.26195 16.12828 curveto
46.83397 15.78938 47.37053 15.39534 47.89403 14.98564 curveto
48.42934 14.5667 48.92322 14.09735 49.36888 13.58406 curveto stroke
newpath -8.49496 10.77228 moveto
-8.09764 10.44864 -7.69208 10.13425 -7.25577 9.86531 curveto
-6.7919 9.57938 -6.32002 9.30574 -5.8274 9.07266 curveto
-5.76701 9.04419 lineto
-5.49669 12.58472 lineto
 closepath stroke
 0 0 0.10417 0.04 setcmykcolor
newpath -2.73264 7.92639 moveto
-2.70566 7.91908 lineto
-2.16318 7.7725 -1.61537 7.64636 -1.06331 7.5415 curveto
-0.56404 7.44667 -0.06146 7.37054 0.44293 7.30862 curveto
-0.53508 10.73709 lineto
 closepath fill
 0 0 0 1 setcmykcolor
newpath -2.73264 7.92639 moveto
-2.70566 7.91908 lineto
-2.16318 7.7725 -1.61537 7.64636 -1.06331 7.5415 curveto
-0.56404 7.44667 -0.06146 7.37054 0.44293 7.30862 curveto
-0.53508 10.73709 lineto
 closepath stroke
 0 0 0.10417 0.04 setcmykcolor
newpath 3.67387 7.13982 moveto
3.99718 7.14565 lineto
4.56238 7.15785 5.1261 7.20332 5.68906 7.2547 curveto
6.09375 7.29164 6.49615 7.34819 6.89763 7.4111 curveto
5.02196 10.44649 lineto
 closepath fill
 0 0 0 1 setcmykcolor
newpath 3.67387 7.13982 moveto
3.99718 7.14565 lineto
4.56238 7.15785 5.1261 7.20332 5.68906 7.2547 curveto
6.09375 7.29164 6.49615 7.34819 6.89763 7.4111 curveto
5.02196 10.44649 lineto
 closepath stroke
 0 0 0.10417 0.04 setcmykcolor
newpath 10.04858 8.14172 moveto
10.23206 8.20105 10.41473 8.26294 10.59692 8.32616 curveto
11.11078 8.5045 11.61765 8.70316 12.10826 8.93806 curveto
12.41736 9.08606 12.72516 9.23703 13.02786 9.39748 curveto
10.3154 11.68166 lineto
 closepath fill
 0 0 0 1 setcmykcolor
newpath 10.04858 8.14172 moveto
10.23206 8.20105 10.41473 8.26294 10.59692 8.32616 curveto
11.11078 8.5045 11.61765 8.70316 12.10826 8.93806 curveto
12.41736 9.08606 12.72516 9.23703 13.02786 9.39748 curveto
10.3154 11.68166 lineto
 closepath stroke
 0 0 0.10417 0.04 setcmykcolor
newpath 15.7507 11.14456 moveto
15.97157 11.30644 16.19061 11.47083 16.40784 11.6376 curveto
16.87656 11.99745 17.33922 12.36511 17.80138 12.73335 curveto
18.30487 13.13435 lineto
15.0348 14.67188 lineto
 closepath fill
 0 0 0 1 setcmykcolor
newpath 15.7507 11.14456 moveto
15.97157 11.30644 16.19061 11.47083 16.40784 11.6376 curveto
16.87656 11.99745 17.33922 12.36511 17.80138 12.73335 curveto
18.30487 13.13435 lineto
15.0348 14.67188 lineto
 closepath stroke
 0 0 0.10417 0.04 setcmykcolor
newpath 20.88799 15.0857 moveto
21.35544 15.41035 21.83482 15.7175 22.32101 16.01346 curveto
22.75691 16.27881 23.20616 16.52098 23.66096 16.75238 curveto
20.55324 18.72797 lineto
 closepath fill
 0 0 0 1 setcmykcolor
newpath 20.88799 15.0857 moveto
21.35544 15.41035 21.83482 15.7175 22.32101 16.01346 curveto
22.75691 16.27881 23.20616 16.52098 23.66096 16.75238 curveto
20.55324 18.72797 lineto
 closepath stroke
 0 0 0.10417 0.04 setcmykcolor
newpath 26.65239 17.98174 moveto
26.9936 18.09305 27.33751 18.19572 27.68535 18.28452 curveto
28.3038 18.44238 28.92296 18.59943 29.5517 18.70973 curveto
29.79471 18.75204 lineto
27.4324 21.56027 lineto
 closepath fill
 0 0 0 1 setcmykcolor
newpath 26.65239 17.98174 moveto
26.9936 18.09305 27.33751 18.19572 27.68535 18.28452 curveto
28.3038 18.44238 28.92296 18.59943 29.5517 18.70973 curveto
29.79471 18.75204 lineto
27.4324 21.56027 lineto
 closepath stroke
 0 0 0.10417 0.04 setcmykcolor
newpath 33.0099 19.11699 moveto
33.33769 19.1305 lineto
33.97162 19.15062 34.60606 19.15952 35.23991 19.13617 curveto
35.57545 19.12381 35.91086 19.1073 36.2458 19.08456 curveto
34.65147 22.38728 lineto
 closepath fill
 0 0 0 1 setcmykcolor
newpath 33.0099 19.11699 moveto
33.33769 19.1305 lineto
33.97162 19.15062 34.60606 19.15952 35.23991 19.13617 curveto
35.57545 19.12381 35.91086 19.1073 36.2458 19.08456 curveto
34.65147 22.38728 lineto
 closepath stroke
 0 0 0.10417 0.04 setcmykcolor
newpath 39.454 18.66254 moveto
39.9374 18.5676 40.41797 18.45868 40.89505 18.3357 curveto
41.46326 18.18922 42.02484 18.0185 42.58025 17.82924 curveto
41.86467 21.42892 lineto
 closepath fill
 0 0 0 1 setcmykcolor
newpath 39.454 18.66254 moveto
39.9374 18.5676 40.41797 18.45868 40.89505 18.3357 curveto
41.46326 18.18922 42.02484 18.0185 42.58025 17.82924 curveto
41.86467 21.42892 lineto
 closepath stroke
 0 0 0.10417 0.04 setcmykcolor
newpath 45.54517 16.53758 moveto
45.78656 16.40564 46.02522 16.26854 46.26195 16.12828 curveto
46.83397 15.78938 47.37053 15.39534 47.89403 14.98564 curveto
48.00401 14.89957 48.11224 14.81136 48.21867 14.72108 curveto
48.76599 18.36668 lineto
 closepath fill
 0 0 0 1 setcmykcolor
newpath 45.54517 16.53758 moveto
45.78656 16.40564 46.02522 16.26854 46.26195 16.12828 curveto
46.83397 15.78938 47.37053 15.39534 47.89403 14.98564 curveto
48.00401 14.89957 48.11224 14.81136 48.21867 14.72108 curveto
48.76599 18.36668 lineto
 closepath stroke
grestore
 0 0 0 1 setcmykcolor 0 0.84 dtransform truncate idtransform setlinewidth pop
 [] 0 setdash 1 setlinejoin 10 setmiterlimit
newpath 0 0 moveto
37.68 0 lineto
37.68 23.28609 lineto
0 23.28609 lineto
 closepath stroke
showpage
%%EOF
