%!PS
%%BoundingBox: -231 -114 227 117 
%%HiResBoundingBox: -230.29001 -113.95015 226.47594 116.40001 
%%Creator: MetaPost 2.02
%%CreationDate: 2023.12.12:1531
%%Pages: 1
%%BeginProlog
%%EndProlog
%%Page: 1 1
 0 0 0 1 setcmykcolor 0 1.2 dtransform truncate idtransform setlinewidth pop
 [] 0 setdash 1 setlinecap 1 setlinejoin 10 setmiterlimit
newpath 11.94 -21.64 moveto
20.69 -29.55 18.56 -29 14.98 -26.95 curveto
12.2 -25.36 -41.18 0.71 -43.6 1.06 curveto
-46.02 1.41 -79.43 25.77 -81.34 26.82 curveto
-83.25 27.86 -144.13 68.17 -146.57 69.94 curveto
-148.99 71.7 -168.43 93.55 -168.43 93.55 curveto stroke
newpath 11.94 -21.64 moveto
11.94 -21.64 -3 -5.31 -4.32 -4.01 curveto
-5.65 -2.71 -10.25 0.52 -12.64 3.02 curveto
-15.04 5.52 -28.61 19.81 -29.21 21.32 curveto
-29.81 22.82 -33.7 34.27 -20.77 28.71 curveto
-7.88 23.17 -5.81 20.1 -0.36 19.96 curveto
5.09 19.82 17.1 13.97 19.61 11.18 curveto
22.1 8.41 30.56 -3.27 32.09 -4.74 curveto
33.62 -6.21 83.54 -31.82 83.33 -34.29 curveto
83.13 -36.71 80.93 -43.63 81.66 -43.74 curveto
82.4 -43.85 113.92 -50.87 117.27 -52.43 curveto
128.05 -57.45 135.79 -71.4 146.69 -80.68 curveto
149.9 -83.41 177.17 -86.78 179.17 -83.8 curveto stroke
newpath 173.31 -101.87 moveto
173.31 -101.87 174.5 -103.06 176.45 -103.86 curveto
178.4 -104.65 178.91 -103.97 182.75 -105.01 curveto
186.59 -106.05 184.64 -106.44 190.84 -109.84 curveto
197.04 -113.23 201.62 -111.75 211.6 -113.05 curveto
221.56 -114.35 218.09 -111.27 223.51 -106.84 curveto
228.93 -102.43 223.66 -100.47 221.33 -90.53 curveto
219 -80.58 215.31 -83.77 210.11 -80.54 curveto
204.89 -77.3 196.44 -81.96 185.62 -80.05 curveto
181.82 -79.38 179.17 -83.8 179.17 -83.8 curveto stroke
newpath 14 -1.03 moveto
20.15 -9.15 24.13 -9.69 31.3 -13.01 curveto
38.49 -16.34 40.48 -14.13 47.32 -18.44 curveto
54.17 -22.75 56.91 -23.42 60.48 -27.94 curveto
64.06 -32.46 59.55 -34.08 58.28 -37.99 curveto
57.01 -41.87 69.07 -46.91 71.46 -49.23 curveto
73.86 -51.55 93.68 -53.31 102.99 -54.46 curveto
112.3 -55.61 116.62 -58.86 118.91 -60.72 curveto
121.2 -62.58 141.54 -84.31 144.35 -86.21 curveto
147.23 -88.16 156.43 -88.05 156.43 -88.05 curveto
156.43 -88.05 171.65 -87.41 173.4 -88.76 curveto
175.17 -90.13 166.89 -89.6 166.89 -89.6 curveto stroke
newpath -176.57 90.52 moveto
-176.57 90.52 -157.57 70.06 -154.11 66.86 curveto
-150.66 63.68 -93.55 23.89 -87.68 19.46 curveto
-81.79 15 -53.46 -1.04 -48.8 -4.36 curveto
-44.15 -7.67 -22.8 -23.13 -17.39 -25.78 curveto
-11.98 -28.43 17.98 -35.48 22.81 -38.11 curveto
27.66 -40.76 26.17 -38.07 32 -36.51 curveto
37.98 -34.92 15.89 -16.31 14.2 -13.24 curveto
12.51 -10.17 0.08 -1.44 -2.61 1.71 curveto
-5.31 4.86 -12.19 12.89 -14.9 16.29 curveto
-18.08 20.27 3.37 12.58 7.04 11.84 curveto
10.71 11.11 16.43 10.24 14.06 6.69 curveto
11.87 3.42 14 -1.03 14 -1.03 curveto stroke
-1 THsetalpha
 0 0 0.10417 0.04 setcmykcolor
newpath 118.5 -53.37 moveto
118.5 -52.97215 118.34193 -52.59065 118.06064 -52.30936 curveto
117.77934 -52.02806 117.39784 -51.87 117 -51.87 curveto
116.60216 -51.87 116.22066 -52.02806 115.93936 -52.30936 curveto
115.65807 -52.59065 115.5 -52.97215 115.5 -53.37 curveto
115.5 -53.76784 115.65807 -54.14934 115.93936 -54.43063 curveto
116.22066 -54.71193 116.60216 -54.87 117 -54.87 curveto
117.39784 -54.87 117.77934 -54.71193 118.06064 -54.43063 curveto
118.34193 -54.14934 118.5 -53.76784 118.5 -53.37 curveto closepath fill
 0.1 0.88333 0 0.4 setcmykcolor 0 0.6
 dtransform truncate idtransform setlinewidth pop
newpath 118.5 -53.37 moveto
118.5 -52.97215 118.34193 -52.59065 118.06064 -52.30936 curveto
117.77934 -52.02806 117.39784 -51.87 117 -51.87 curveto
116.60216 -51.87 116.22066 -52.02806 115.93936 -52.30936 curveto
115.65807 -52.59065 115.5 -52.97215 115.5 -53.37 curveto
115.5 -53.76784 115.65807 -54.14934 115.93936 -54.43063 curveto
116.22066 -54.71193 116.60216 -54.87 117 -54.87 curveto
117.39784 -54.87 117.77934 -54.71193 118.06064 -54.43063 curveto
118.34193 -54.14934 118.5 -53.76784 118.5 -53.37 curveto closepath stroke
-1 THsetalpha
 0 0 0.10417 0.04 setcmykcolor
newpath 145.85 -86.21 moveto
145.85 -85.81216 145.69194 -85.43066 145.41064 -85.14937 curveto
145.12935 -84.86807 144.74785 -84.71 144.35 -84.71 curveto
143.95216 -84.71 143.57066 -84.86807 143.28937 -85.14937 curveto
143.00807 -85.43066 142.85 -85.81216 142.85 -86.21 curveto
142.85 -86.60785 143.00807 -86.98935 143.28937 -87.27065 curveto
143.57066 -87.55194 143.95216 -87.71 144.35 -87.71 curveto
144.74785 -87.71 145.12935 -87.55194 145.41064 -87.27065 curveto
145.69194 -86.98935 145.85 -86.60785 145.85 -86.21 curveto closepath fill
 0.1 0.88333 0 0.4 setcmykcolor
newpath 145.85 -86.21 moveto
145.85 -85.81216 145.69194 -85.43066 145.41064 -85.14937 curveto
145.12935 -84.86807 144.74785 -84.71 144.35 -84.71 curveto
143.95216 -84.71 143.57066 -84.86807 143.28937 -85.14937 curveto
143.00807 -85.43066 142.85 -85.81216 142.85 -86.21 curveto
142.85 -86.60785 143.00807 -86.98935 143.28937 -87.27065 curveto
143.57066 -87.55194 143.95216 -87.71 144.35 -87.71 curveto
144.74785 -87.71 145.12935 -87.55194 145.41064 -87.27065 curveto
145.69194 -86.98935 145.85 -86.60785 145.85 -86.21 curveto closepath stroke
-1 THsetalpha
 0 0 0.10417 0.04 setcmykcolor
newpath 177.79 -88.78 moveto
177.79 -88.38216 177.63193 -88.00066 177.35063 -87.71936 curveto
177.06934 -87.43806 176.68784 -87.28 176.29 -87.28 curveto
175.89215 -87.28 175.51065 -87.43806 175.22935 -87.71936 curveto
174.94806 -88.00066 174.79 -88.38216 174.79 -88.78 curveto
174.79 -89.17784 174.94806 -89.55934 175.22935 -89.84064 curveto
175.51065 -90.12193 175.89215 -90.28 176.29 -90.28 curveto
176.68784 -90.28 177.06934 -90.12193 177.35063 -89.84064 curveto
177.63193 -89.55934 177.79 -89.17784 177.79 -88.78 curveto closepath fill
 0.1 0.88333 0 0.4 setcmykcolor
newpath 177.79 -88.78 moveto
177.79 -88.38216 177.63193 -88.00066 177.35063 -87.71936 curveto
177.06934 -87.43806 176.68784 -87.28 176.29 -87.28 curveto
175.89215 -87.28 175.51065 -87.43806 175.22935 -87.71936 curveto
174.94806 -88.00066 174.79 -88.38216 174.79 -88.78 curveto
174.79 -89.17784 174.94806 -89.55934 175.22935 -89.84064 curveto
175.51065 -90.12193 175.89215 -90.28 176.29 -90.28 curveto
176.68784 -90.28 177.06934 -90.12193 177.35063 -89.84064 curveto
177.63193 -89.55934 177.79 -89.17784 177.79 -88.78 curveto closepath stroke
-1 THsetalpha
 0 0 0.10417 0.04 setcmykcolor
newpath 75.11 -49.04 moveto
75.11 -48.64215 74.95193 -48.26065 74.67064 -47.97935 curveto
74.38934 -47.69806 74.00784 -47.54 73.61 -47.54 curveto
73.21216 -47.54 72.83066 -47.69806 72.54936 -47.97935 curveto
72.26807 -48.26065 72.11 -48.64215 72.11 -49.04 curveto
72.11 -49.43784 72.26807 -49.81934 72.54936 -50.10063 curveto
72.83066 -50.38193 73.21216 -50.54 73.61 -50.54 curveto
74.00784 -50.54 74.38934 -50.38193 74.67064 -50.10063 curveto
74.95193 -49.81934 75.11 -49.43784 75.11 -49.04 curveto closepath fill
 0.1 0.88333 0 0.4 setcmykcolor
newpath 75.11 -49.04 moveto
75.11 -48.64215 74.95193 -48.26065 74.67064 -47.97935 curveto
74.38934 -47.69806 74.00784 -47.54 73.61 -47.54 curveto
73.21216 -47.54 72.83066 -47.69806 72.54936 -47.97935 curveto
72.26807 -48.26065 72.11 -48.64215 72.11 -49.04 curveto
72.11 -49.43784 72.26807 -49.81934 72.54936 -50.10063 curveto
72.83066 -50.38193 73.21216 -50.54 73.61 -50.54 curveto
74.00784 -50.54 74.38934 -50.38193 74.67064 -50.10063 curveto
74.95193 -49.81934 75.11 -49.43784 75.11 -49.04 curveto closepath stroke
-1 THsetalpha
 0 0 0.10417 0.04 setcmykcolor
newpath 83.45 -33.66 moveto
83.45 -33.26216 83.29193 -32.88066 83.01064 -32.59937 curveto
82.72934 -32.31807 82.34784 -32.16 81.95 -32.16 curveto
81.55215 -32.16 81.17065 -32.31807 80.88936 -32.59937 curveto
80.60806 -32.88066 80.45 -33.26216 80.45 -33.66 curveto
80.45 -34.05785 80.60806 -34.43935 80.88936 -34.72064 curveto
81.17065 -35.00194 81.55215 -35.16 81.95 -35.16 curveto
82.34784 -35.16 82.72934 -35.00194 83.01064 -34.72064 curveto
83.29193 -34.43935 83.45 -34.05785 83.45 -33.66 curveto closepath fill
 0.1 0.88333 0 0.4 setcmykcolor
newpath 83.45 -33.66 moveto
83.45 -33.26216 83.29193 -32.88066 83.01064 -32.59937 curveto
82.72934 -32.31807 82.34784 -32.16 81.95 -32.16 curveto
81.55215 -32.16 81.17065 -32.31807 80.88936 -32.59937 curveto
80.60806 -32.88066 80.45 -33.26216 80.45 -33.66 curveto
80.45 -34.05785 80.60806 -34.43935 80.88936 -34.72064 curveto
81.17065 -35.00194 81.55215 -35.16 81.95 -35.16 curveto
82.34784 -35.16 82.72934 -35.00194 83.01064 -34.72064 curveto
83.29193 -34.43935 83.45 -34.05785 83.45 -33.66 curveto closepath stroke
-1 THsetalpha
 0 0 0.10417 0.04 setcmykcolor
newpath 30.61 -5.32 moveto
30.61 -4.92216 30.45193 -4.54066 30.17064 -4.25937 curveto
29.88934 -3.97807 29.50784 -3.82 29.11 -3.82 curveto
28.71216 -3.82 28.33066 -3.97807 28.04936 -4.25937 curveto
27.76807 -4.54066 27.61 -4.92216 27.61 -5.32 curveto
27.61 -5.71785 27.76807 -6.09935 28.04936 -6.38065 curveto
28.33066 -6.66194 28.71216 -6.82 29.11 -6.82 curveto
29.50784 -6.82 29.88934 -6.66194 30.17064 -6.38065 curveto
30.45193 -6.09935 30.61 -5.71785 30.61 -5.32 curveto closepath fill
 0.1 0.88333 0 0.4 setcmykcolor
newpath 30.61 -5.32 moveto
30.61 -4.92216 30.45193 -4.54066 30.17064 -4.25937 curveto
29.88934 -3.97807 29.50784 -3.82 29.11 -3.82 curveto
28.71216 -3.82 28.33066 -3.97807 28.04936 -4.25937 curveto
27.76807 -4.54066 27.61 -4.92216 27.61 -5.32 curveto
27.61 -5.71785 27.76807 -6.09935 28.04936 -6.38065 curveto
28.33066 -6.66194 28.71216 -6.82 29.11 -6.82 curveto
29.50784 -6.82 29.88934 -6.66194 30.17064 -6.38065 curveto
30.45193 -6.09935 30.61 -5.71785 30.61 -5.32 curveto closepath stroke
-1 THsetalpha
 0 0 0.10417 0.04 setcmykcolor
newpath 19.05 11.56 moveto
19.05 11.95784 18.89194 12.33934 18.61064 12.62064 curveto
18.32935 12.90193 17.94785 13.06 17.55 13.06 curveto
17.15216 13.06 16.77066 12.90193 16.48936 12.62064 curveto
16.20807 12.33934 16.05 11.95784 16.05 11.56 curveto
16.05 11.16216 16.20807 10.78065 16.48936 10.49936 curveto
16.77066 10.21806 17.15216 10.06 17.55 10.06 curveto
17.94785 10.06 18.32935 10.21806 18.61064 10.49936 curveto
18.89194 10.78065 19.05 11.16216 19.05 11.56 curveto closepath fill
 0.1 0.88333 0 0.4 setcmykcolor
newpath 19.05 11.56 moveto
19.05 11.95784 18.89194 12.33934 18.61064 12.62064 curveto
18.32935 12.90193 17.94785 13.06 17.55 13.06 curveto
17.15216 13.06 16.77066 12.90193 16.48936 12.62064 curveto
16.20807 12.33934 16.05 11.95784 16.05 11.56 curveto
16.05 11.16216 16.20807 10.78065 16.48936 10.49936 curveto
16.77066 10.21806 17.15216 10.06 17.55 10.06 curveto
17.94785 10.06 18.32935 10.21806 18.61064 10.49936 curveto
18.89194 10.78065 19.05 11.16216 19.05 11.56 curveto closepath stroke
-1 THsetalpha
 0 0 0.10417 0.04 setcmykcolor
newpath -21.53 21.16 moveto
-21.53 21.55785 -21.68806 21.93935 -21.96936 22.22064 curveto
-22.25066 22.50194 -22.63216 22.66 -23.03 22.66 curveto
-23.42784 22.66 -23.80934 22.50194 -24.09064 22.22064 curveto
-24.37193 21.93935 -24.53 21.55785 -24.53 21.16 curveto
-24.53 20.76216 -24.37193 20.38066 -24.09064 20.09937 curveto
-23.80934 19.81807 -23.42784 19.66 -23.03 19.66 curveto
-22.63216 19.66 -22.25066 19.81807 -21.96936 20.09937 curveto
-21.68806 20.38066 -21.53 20.76216 -21.53 21.16 curveto closepath fill
 0.1 0.88333 0 0.4 setcmykcolor
newpath -21.53 21.16 moveto
-21.53 21.55785 -21.68806 21.93935 -21.96936 22.22064 curveto
-22.25066 22.50194 -22.63216 22.66 -23.03 22.66 curveto
-23.42784 22.66 -23.80934 22.50194 -24.09064 22.22064 curveto
-24.37193 21.93935 -24.53 21.55785 -24.53 21.16 curveto
-24.53 20.76216 -24.37193 20.38066 -24.09064 20.09937 curveto
-23.80934 19.81807 -23.42784 19.66 -23.03 19.66 curveto
-22.63216 19.66 -22.25066 19.81807 -21.96936 20.09937 curveto
-21.68806 20.38066 -21.53 20.76216 -21.53 21.16 curveto closepath stroke
-1 THsetalpha
 0 0 0.10417 0.04 setcmykcolor
newpath -4.49 2.82 moveto
-4.49 3.21785 -4.64807 3.59935 -4.92937 3.88065 curveto
-5.21066 4.16194 -5.59216 4.32 -5.99 4.32 curveto
-6.38785 4.32 -6.76935 4.16194 -7.05064 3.88065 curveto
-7.33194 3.59935 -7.49 3.21785 -7.49 2.82 curveto
-7.49 2.42216 -7.33194 2.04066 -7.05064 1.75937 curveto
-6.76935 1.47807 -6.38785 1.32 -5.99 1.32 curveto
-5.59216 1.32 -5.21066 1.47807 -4.92937 1.75937 curveto
-4.64807 2.04066 -4.49 2.42216 -4.49 2.82 curveto closepath fill
 0.1 0.88333 0 0.4 setcmykcolor
newpath -4.49 2.82 moveto
-4.49 3.21785 -4.64807 3.59935 -4.92937 3.88065 curveto
-5.21066 4.16194 -5.59216 4.32 -5.99 4.32 curveto
-6.38785 4.32 -6.76935 4.16194 -7.05064 3.88065 curveto
-7.33194 3.59935 -7.49 3.21785 -7.49 2.82 curveto
-7.49 2.42216 -7.33194 2.04066 -7.05064 1.75937 curveto
-6.76935 1.47807 -6.38785 1.32 -5.99 1.32 curveto
-5.59216 1.32 -5.21066 1.47807 -4.92937 1.75937 curveto
-4.64807 2.04066 -4.49 2.42216 -4.49 2.82 curveto closepath stroke
-1 THsetalpha
 0 0 0.10417 0.04 setcmykcolor
newpath 26.6 -34.77 moveto
26.6 -34.37216 26.44194 -33.99066 26.16064 -33.70937 curveto
25.87935 -33.42807 25.49785 -33.27 25.1 -33.27 curveto
24.70216 -33.27 24.32066 -33.42807 24.03937 -33.70937 curveto
23.75807 -33.99066 23.6 -34.37216 23.6 -34.77 curveto
23.6 -35.16785 23.75807 -35.54935 24.03937 -35.83064 curveto
24.32066 -36.11194 24.70216 -36.27 25.1 -36.27 curveto
25.49785 -36.27 25.87935 -36.11194 26.16064 -35.83064 curveto
26.44194 -35.54935 26.6 -35.16785 26.6 -34.77 curveto closepath fill
 0.1 0.88333 0 0.4 setcmykcolor
newpath 26.6 -34.77 moveto
26.6 -34.37216 26.44194 -33.99066 26.16064 -33.70937 curveto
25.87935 -33.42807 25.49785 -33.27 25.1 -33.27 curveto
24.70216 -33.27 24.32066 -33.42807 24.03937 -33.70937 curveto
23.75807 -33.99066 23.6 -34.37216 23.6 -34.77 curveto
23.6 -35.16785 23.75807 -35.54935 24.03937 -35.83064 curveto
24.32066 -36.11194 24.70216 -36.27 25.1 -36.27 curveto
25.49785 -36.27 25.87935 -36.11194 26.16064 -35.83064 curveto
26.44194 -35.54935 26.6 -35.16785 26.6 -34.77 curveto closepath stroke
-1 THsetalpha
 0 0 0.10417 0.04 setcmykcolor
newpath -46.06 -0.72 moveto
-46.06 -0.32216 -46.21806 0.05934 -46.49936 0.34064 curveto
-46.78065 0.62193 -47.16216 0.78 -47.56 0.78 curveto
-47.95784 0.78 -48.33934 0.62193 -48.62064 0.34064 curveto
-48.90193 0.05934 -49.06 -0.32216 -49.06 -0.72 curveto
-49.06 -1.11784 -48.90193 -1.49934 -48.62064 -1.78064 curveto
-48.33934 -2.06194 -47.95784 -2.22 -47.56 -2.22 curveto
-47.16216 -2.22 -46.78065 -2.06194 -46.49936 -1.78064 curveto
-46.21806 -1.49934 -46.06 -1.11784 -46.06 -0.72 curveto closepath fill
 0.1 0.88333 0 0.4 setcmykcolor
newpath -46.06 -0.72 moveto
-46.06 -0.32216 -46.21806 0.05934 -46.49936 0.34064 curveto
-46.78065 0.62193 -47.16216 0.78 -47.56 0.78 curveto
-47.95784 0.78 -48.33934 0.62193 -48.62064 0.34064 curveto
-48.90193 0.05934 -49.06 -0.32216 -49.06 -0.72 curveto
-49.06 -1.11784 -48.90193 -1.49934 -48.62064 -1.78064 curveto
-48.33934 -2.06194 -47.95784 -2.22 -47.56 -2.22 curveto
-47.16216 -2.22 -46.78065 -2.06194 -46.49936 -1.78064 curveto
-46.21806 -1.49934 -46.06 -1.11784 -46.06 -0.72 curveto closepath stroke
-1 THsetalpha
 0 0 0.10417 0.04 setcmykcolor
newpath -82.45 19.53 moveto
-82.45 19.92784 -82.60806 20.30934 -82.88936 20.59064 curveto
-83.17065 20.87193 -83.55215 21.03 -83.95 21.03 curveto
-84.34784 21.03 -84.72934 20.87193 -85.01064 20.59064 curveto
-85.29193 20.30934 -85.45 19.92784 -85.45 19.53 curveto
-85.45 19.13216 -85.29193 18.75066 -85.01064 18.46936 curveto
-84.72934 18.18806 -84.34784 18.03 -83.95 18.03 curveto
-83.55215 18.03 -83.17065 18.18806 -82.88936 18.46936 curveto
-82.60806 18.75066 -82.45 19.13216 -82.45 19.53 curveto closepath fill
 0.1 0.88333 0 0.4 setcmykcolor
newpath -82.45 19.53 moveto
-82.45 19.92784 -82.60806 20.30934 -82.88936 20.59064 curveto
-83.17065 20.87193 -83.55215 21.03 -83.95 21.03 curveto
-84.34784 21.03 -84.72934 20.87193 -85.01064 20.59064 curveto
-85.29193 20.30934 -85.45 19.92784 -85.45 19.53 curveto
-85.45 19.13216 -85.29193 18.75066 -85.01064 18.46936 curveto
-84.72934 18.18806 -84.34784 18.03 -83.95 18.03 curveto
-83.55215 18.03 -83.17065 18.18806 -82.88936 18.46936 curveto
-82.60806 18.75066 -82.45 19.13216 -82.45 19.53 curveto closepath stroke
-1 THsetalpha
 0 0 0.10417 0.04 setcmykcolor
newpath -148.95 67.33 moveto
-148.95 67.72784 -149.10806 68.10934 -149.38936 68.39064 curveto
-149.67065 68.67194 -150.05215 68.83 -150.45 68.83 curveto
-150.84784 68.83 -151.22934 68.67194 -151.51064 68.39064 curveto
-151.79193 68.10934 -151.95 67.72784 -151.95 67.33 curveto
-151.95 66.93216 -151.79193 66.55066 -151.51064 66.26936 curveto
-151.22934 65.98807 -150.84784 65.83 -150.45 65.83 curveto
-150.05215 65.83 -149.67065 65.98807 -149.38936 66.26936 curveto
-149.10806 66.55066 -148.95 66.93216 -148.95 67.33 curveto closepath fill
 0.1 0.88333 0 0.4 setcmykcolor
newpath -148.95 67.33 moveto
-148.95 67.72784 -149.10806 68.10934 -149.38936 68.39064 curveto
-149.67065 68.67194 -150.05215 68.83 -150.45 68.83 curveto
-150.84784 68.83 -151.22934 68.67194 -151.51064 68.39064 curveto
-151.79193 68.10934 -151.95 67.72784 -151.95 67.33 curveto
-151.95 66.93216 -151.79193 66.55066 -151.51064 66.26936 curveto
-151.22934 65.98807 -150.84784 65.83 -150.45 65.83 curveto
-150.05215 65.83 -149.67065 65.98807 -149.38936 66.26936 curveto
-149.10806 66.55066 -148.95 66.93216 -148.95 67.33 curveto closepath stroke
-1 THsetalpha
 0 0 0.10417 0.04 setcmykcolor
newpath -226.99 114.6 moveto
-226.99 114.99785 -227.14807 115.37935 -227.42937 115.66064 curveto
-227.71066 115.94194 -228.09216 116.1 -228.49 116.1 curveto
-228.88785 116.1 -229.26935 115.94194 -229.55064 115.66064 curveto
-229.83194 115.37935 -229.99 114.99785 -229.99 114.6 curveto
-229.99 114.20216 -229.83194 113.82066 -229.55064 113.53937 curveto
-229.26935 113.25807 -228.88785 113.1 -228.49 113.1 curveto
-228.09216 113.1 -227.71066 113.25807 -227.42937 113.53937 curveto
-227.14807 113.82066 -226.99 114.20216 -226.99 114.6 curveto closepath fill
 0.1 0.88333 0 0.4 setcmykcolor
newpath -226.99 114.6 moveto
-226.99 114.99785 -227.14807 115.37935 -227.42937 115.66064 curveto
-227.71066 115.94194 -228.09216 116.1 -228.49 116.1 curveto
-228.88785 116.1 -229.26935 115.94194 -229.55064 115.66064 curveto
-229.83194 115.37935 -229.99 114.99785 -229.99 114.6 curveto
-229.99 114.20216 -229.83194 113.82066 -229.55064 113.53937 curveto
-229.26935 113.25807 -228.88785 113.1 -228.49 113.1 curveto
-228.09216 113.1 -227.71066 113.25807 -227.42937 113.53937 curveto
-227.14807 113.82066 -226.99 114.20216 -226.99 114.6 curveto closepath stroke
showpage
%%EOF
