%!PS
%%BoundingBox: -495 -118 492 119 
%%HiResBoundingBox: -494.71 -117.45 491.05287 118.75 
%%Creator: MetaPost 2.02
%%CreationDate: 2023.12.12:1531
%%Pages: 1
%%BeginProlog
%%EndProlog
%%Page: 1 1
 0 0 0 1 setcmykcolor 0 1.2 dtransform truncate idtransform setlinewidth pop
 [] 0 setdash 1 setlinecap 1 setlinejoin 10 setmiterlimit
newpath 89.12 30.35 moveto
89.12 30.35 88.77 22.07 87.61 21.01 curveto
81.56 15.47 45.74 19.05 39.46 18.76 curveto
32.62 18.43 21.41 17.82 7.93 13.74 curveto
1.91 11.91 12.7 -15.76 10.61 -20.34 curveto
4.57 -33.6 -9.32 -37.26 -22.75 -40.49 curveto
-33.52 -43.07 -38.02 -15.06 -39.94 -12.69 curveto
-48.67 -1.94 -55.72 -3.65 -55.72 -3.65 curveto
-55.72 -3.65 -72.54 2.3 -106.34 -13.67 curveto
-125.09 -22.52 -153.46 -19.12 -165.12 -17.68 curveto
-176.77 -16.24 -202.75 -22.47 -221.34 -20.03 curveto
-239.94 -17.59 -248.57 -19.22 -256.15 -26.98 curveto
-263.72 -34.74 -272.28 -39.53 -267.77 -49.21 curveto
-263.26 -58.88 -267.52 -82.58 -253.03 -86.18 curveto
-238.55 -89.78 -247.13 -70.67 -224.99 -59.75 curveto
-202.85 -48.84 -190.48 -53.24 -187.75 -53.82 curveto
-156.73 -60.43 -156.24 -59.55 -139.34 -64.61 curveto
-122.46 -69.67 -105.38 -67.15 -83.75 -74.4 curveto
-64.23 -80.94 -58.72 -88.4 -54.02 -88.84 curveto
-49.31 -89.28 -47.7 -93.41 -35.36 -79.79 curveto
-23.02 -66.15 -35.84 -70.76 -14.93 -56.83 curveto
5.97 -42.9 10.67 -33.64 22.12 -34.39 curveto
25.24 -34.59 34.04 -30.49 36.53 -30.15 curveto
39.03 -29.82 52.23 -26.36 58.83 -24.64 curveto
65.44 -22.91 81.52 -16.65 90.67 -18.88 curveto
99.73 -21.09 99.01 -21.76 104.16 -26.26 curveto
109.35 -30.8 100.37 -34.12 98.27 -36.73 curveto stroke
newpath 89.12 30.35 moveto
89.12 30.35 87.71 33.56 94.31 36.17 curveto
100.9 38.79 104.1 40.2 105.3 41.72 curveto
106.49 43.24 109.41 43.55 109.41 43.55 curveto stroke
newpath 98.27 -36.73 moveto
98.27 -36.73 91.56 -44.81 91.72 -47.06 curveto
91.87 -49.31 82.78 -77.51 88.96 -84.5 curveto
95.16 -91.5 99.87 -96.67 102.14 -96.32 curveto
104.41 -95.97 129.81 -102.79 137.77 -97.54 curveto
145.75 -92.28 159.73 -83.65 159.73 -83.65 curveto stroke
 0 0.6 dtransform truncate idtransform setlinewidth pop
newpath 56.62 -117.15 moveto
83.9 -82.26 lineto stroke
newpath 81.10675 -83.88416 moveto
83.9 -82.26 lineto
82.99753 -85.36252 lineto stroke
 0.83 0.54 0 0 setcmykcolor 0 0.42001
 dtransform truncate idtransform setlinewidth pop
newpath 107.91 -88.71 moveto
106.47722 -86.57898 107.85098 -83.89807 109.71046 -81.88011 curveto
111.5518 -79.88184 113.15399 -77.34511 111.8667 -75.1289 curveto
110.53941 -72.84386 113.21564 -70.73424 113.9 -68.34 curveto
113.9 -68.34 lineto stroke
newpath 113.56668 -72.3261 moveto
113.6713 -71.03659 114.04707 -69.62132 113.9 -68.34 curveto
113.9 -68.34 lineto
113.9 -68.34 lineto
113.09795 -69.35002 111.83145 -70.08502 110.84567 -70.92287 curveto
 closepath stroke
newpath 113.56668 -72.3261 moveto
113.6713 -71.03659 114.04707 -69.62132 113.9 -68.34 curveto
113.9 -68.34 lineto
113.9 -68.34 lineto
113.09795 -69.35002 111.83145 -70.08502 110.84567 -70.92287 curveto
 closepath fill
newpath -256.13 -75.22 moveto
-256.12218 -72.66933 -254.6848 -70.28618 -252.28165 -69.5569 curveto
-249.05333 -68.57722 -247.68878 -65.06607 -249.7041 -63.20258 curveto
-251.86385 -61.20554 -250.03339 -57.26234 -246.29288 -57.3083 curveto
-243.84222 -57.33841 -242.77112 -54.47481 -240.7 -53.39 curveto
-240.7 -53.39 lineto stroke
newpath -242.41278 -57.0047 moveto
-241.87706 -55.80455 -241.54175 -54.39833 -240.7 -53.39 curveto
-240.7 -53.39 lineto
-240.7 -53.39 lineto
-242.00821 -53.50777 -243.23967 -54.265 -244.46713 -54.7348 curveto
 closepath stroke
newpath -242.41278 -57.0047 moveto
-241.87706 -55.80455 -241.54175 -54.39833 -240.7 -53.39 curveto
-240.7 -53.39 lineto
-240.7 -53.39 lineto
-242.00821 -53.50777 -243.23967 -54.265 -244.46713 -54.7348 curveto
 closepath fill
newpath 0.54 -38.38 moveto
0.53053 -35.21762 3.80522 -33.223 6.28792 -34.79393 curveto
9.7048 -36.95593 13.31627 -33.49815 11.68246 -30.6856 curveto
10.34042 -28.3753 13.16145 -25.47833 16.86627 -26.31387 curveto
19.28139 -26.85855 20.7182 -24.17122 21.8927 -21.76021 curveto
22.90236 -19.68759 25.1519 -18.66501 26.79 -17.07 curveto
26.79 -17.07 lineto stroke
newpath 24.88072 -20.58492 moveto
25.47726 -19.40955 26.26575 -18.28947 26.79 -17.07 curveto
26.79 -17.07 lineto
26.79 -17.07 lineto
25.557 -17.56157 24.20743 -17.79602 22.95448 -18.2053 curveto
 closepath stroke
newpath 24.88072 -20.58492 moveto
25.47726 -19.40955 26.26575 -18.28947 26.79 -17.07 curveto
26.79 -17.07 lineto
26.79 -17.07 lineto
25.557 -17.56157 24.20743 -17.79602 22.95448 -18.2053 curveto
 closepath fill
 0 0 0 1 setcmykcolor 0 1.2 dtransform truncate idtransform setlinewidth pop
newpath 171.9 -54.9 moveto
171.9 -54.9 196.97 -52.72 207.7 -48.93 curveto
218.44 -45.13 231.65 -36.69 232.14 -30.63 curveto
232.64 -24.57 228.45 -22.59 208.58 -28.92 curveto
201.22 -31.26 196.43 -34.66 193.46 -35.87 curveto
190.49 -37.08 172.99 -46.37 172.99 -46.37 curveto stroke
newpath 172.99 -46.37 moveto
172.99 -46.37 161.62 -53.72 171.9 -54.9 curveto stroke
newpath 143.28 44.63 moveto
143.28 44.63 213.16 18.86 234.85 19.47 curveto
256.54 20.08 308.43 22.02 302.11 26.15 curveto
295.79 30.27 284.17 36.64 270.9 37.69 curveto
257.63 38.74 124.67 52.45 143.28 44.63 curveto stroke
newpath -453.1 105.21 moveto
-436.02 109.14 -404.16 111.03 -382.46 112.28 curveto
-360.77 113.52 -358.06 111.12 -351.45 110.38 curveto
-323.66 107.27 -182.52 99.1 -182.52 99.1 curveto
-182.52 99.1 -55.82 88.36 -34.17 84.21 curveto
-12.52 80.05 74.05 71.69 81.84 69.96 curveto
89.61 68.24 115.2 71.07 131.77 65.06 curveto
148.45 59.01 221.92 52.3 233.54 49.97 curveto
245.17 47.65 274.33 63.02 285.99 61.13 curveto
297.62 59.23 297.07 62.16 317.14 53.36 curveto
371.07 29.68 370.25 32.88 370.25 32.88 curveto
421.27 34.12 lineto
421.27 34.12 467.77 25.65 475.75 17.84 curveto
483.73 10.03 497.77 6.67 485.83 1.81 curveto
473.89 -3.04 476.2 -6.53 460.68 -10.77 curveto
447.32 -14.41 414.1 -13.57 396.73 -8.93 curveto
379.35 -4.29 363.63 1.85 353.83 4.56 curveto
344.04 7.27 319.89 7.06 314.24 -3.04 curveto
302.51 -24 300.53 -36.63 290.24 -40.22 curveto
279.95 -43.8 264.71 -42.44 253.8 -50.06 curveto
242.88 -57.69 232.24 -74.35 221.01 -78.58 curveto
209.78 -82.8 190.52 -60.73 159.73 -83.65 curveto stroke
 [3.60022 3.60022 ] 0 setdash
newpath -453.1 105.21 moveto
-490.9 106.3 lineto stroke
newpath -456.54 89.59 moveto
-494.11 95.41 lineto stroke
 0 0.6 dtransform truncate idtransform setlinewidth pop [] 0 setdash
newpath -418.23 118.45 moveto
-423.73 87.61 lineto stroke
newpath -422.02187 90.3527 moveto
-423.73 87.61 lineto
-424.38472 90.7741 lineto stroke
newpath 318.98996 29.44994 moveto
318.98996 24.83005 lineto
317.73001 22.73006 lineto stroke
newpath 318.98996 24.83005 moveto
320.24991 22.73006 lineto stroke
newpath 322.59 29.44994 moveto
322.59 24.83005 lineto
321.33005 22.73006 lineto stroke
newpath 322.59 24.83005 moveto
323.84995 22.73006 lineto stroke
newpath 326.19003 29.44994 moveto
326.19003 24.83005 lineto
324.93008 22.73006 lineto stroke
newpath 326.19003 24.83005 moveto
327.44998 22.73006 lineto stroke
newpath 289.50996 57.61993 moveto
289.50996 53.00005 lineto
288.25002 50.90005 lineto stroke
newpath 289.50996 53.00005 moveto
290.76991 50.90005 lineto stroke
newpath 293.11 57.61993 moveto
293.11 53.00005 lineto
291.85005 50.90005 lineto stroke
newpath 293.11 53.00005 moveto
294.36995 50.90005 lineto stroke
newpath 296.71004 57.61993 moveto
296.71004 53.00005 lineto
295.45009 50.90005 lineto stroke
newpath 296.71004 53.00005 moveto
297.96999 50.90005 lineto stroke
newpath 238.23996 6.34006 moveto
238.23996 10.95995 lineto
236.98001 13.05994 lineto stroke
newpath 238.23996 10.95995 moveto
239.49991 13.05994 lineto stroke
newpath 241.84 6.34006 moveto
241.84 10.95995 lineto
240.58005 13.05994 lineto stroke
newpath 241.84 10.95995 moveto
243.09995 13.05994 lineto stroke
newpath 245.44003 6.34006 moveto
245.44003 10.95995 lineto
244.18008 13.05994 lineto stroke
newpath 245.44003 10.95995 moveto
246.69998 13.05994 lineto stroke
newpath 361.95996 11.03006 moveto
361.95996 15.64995 lineto
360.70001 17.74994 lineto stroke
newpath 361.95996 15.64995 moveto
363.21991 17.74994 lineto stroke
newpath 365.56 11.03006 moveto
365.56 15.64995 lineto
364.30005 17.74994 lineto stroke
newpath 365.56 15.64995 moveto
366.81995 17.74994 lineto stroke
newpath 369.16003 11.03006 moveto
369.16003 15.64995 lineto
367.90009 17.74994 lineto stroke
newpath 369.16003 15.64995 moveto
370.41998 17.74994 lineto stroke
 0 1.2 dtransform truncate idtransform setlinewidth pop
newpath -456.54 89.59 moveto
-446.03 77.84 -446.64 77.54 -446.31 76.95 curveto
-439.65 65.14 -390.85 38.92 -377.89 41.3 curveto
-308.56 54.06 -194.94 49.67 -184.87 48.3 curveto
-174.79 46.94 -54.17 60.59 -39.65 58.11 curveto
-25.14 55.64 67.55 53.35 81.37 50.47 curveto
95.09 47.61 105.59 47.54 105.59 47.54 curveto stroke
 0 0.6 dtransform truncate idtransform setlinewidth pop
newpath -427.78 24.93 moveto
-427.78 24.93 -421.58 32.3 -399.38 54.02 curveto stroke
newpath -402.3625 52.7771 moveto
-399.38 54.02 lineto
-400.68245 51.06302 lineto stroke
 0 1.2 dtransform truncate idtransform setlinewidth pop
newpath 105.59 47.54 moveto
105.59 47.54 108.26 47.2 109.79 46.46 curveto
111.31 45.72 114.57 43.76 109.41 43.55 curveto stroke
-1 THsetalpha
 0 0 0.10417 0.04 setcmykcolor
newpath 91.35 -16.34 moveto
91.35 -15.94215 91.19194 -15.56065 90.91064 -15.27936 curveto
90.62935 -14.99806 90.24785 -14.84 89.85 -14.84 curveto
89.45216 -14.84 89.07066 -14.99806 88.78937 -15.27936 curveto
88.50807 -15.56065 88.35 -15.94215 88.35 -16.34 curveto
88.35 -16.73784 88.50807 -17.11934 88.78937 -17.40063 curveto
89.07066 -17.68193 89.45216 -17.84 89.85 -17.84 curveto
90.24785 -17.84 90.62935 -17.68193 90.91064 -17.40063 curveto
91.19194 -17.11934 91.35 -16.73784 91.35 -16.34 curveto closepath fill
 0.1 0.88333 0 0.4 setcmykcolor 0 0.6
 dtransform truncate idtransform setlinewidth pop
newpath 91.35 -16.34 moveto
91.35 -15.94215 91.19194 -15.56065 90.91064 -15.27936 curveto
90.62935 -14.99806 90.24785 -14.84 89.85 -14.84 curveto
89.45216 -14.84 89.07066 -14.99806 88.78937 -15.27936 curveto
88.50807 -15.56065 88.35 -15.94215 88.35 -16.34 curveto
88.35 -16.73784 88.50807 -17.11934 88.78937 -17.40063 curveto
89.07066 -17.68193 89.45216 -17.84 89.85 -17.84 curveto
90.24785 -17.84 90.62935 -17.68193 90.91064 -17.40063 curveto
91.19194 -17.11934 91.35 -16.73784 91.35 -16.34 curveto closepath stroke
-1 THsetalpha
 0 0 0.10417 0.04 setcmykcolor
newpath 32.71 -26.43 moveto
32.71 -26.03215 32.55194 -25.65065 32.27065 -25.36935 curveto
31.98935 -25.08806 31.60785 -24.93 31.21 -24.93 curveto
30.81216 -24.93 30.43066 -25.08806 30.14937 -25.36935 curveto
29.86807 -25.65065 29.71 -26.03215 29.71 -26.43 curveto
29.71 -26.82784 29.86807 -27.20934 30.14937 -27.49063 curveto
30.43066 -27.77193 30.81216 -27.93 31.21 -27.93 curveto
31.60785 -27.93 31.98935 -27.77193 32.27065 -27.49063 curveto
32.55194 -27.20934 32.71 -26.82784 32.71 -26.43 curveto closepath fill
 0.1 0.88333 0 0.4 setcmykcolor
newpath 32.71 -26.43 moveto
32.71 -26.03215 32.55194 -25.65065 32.27065 -25.36935 curveto
31.98935 -25.08806 31.60785 -24.93 31.21 -24.93 curveto
30.81216 -24.93 30.43066 -25.08806 30.14937 -25.36935 curveto
29.86807 -25.65065 29.71 -26.03215 29.71 -26.43 curveto
29.71 -26.82784 29.86807 -27.20934 30.14937 -27.49063 curveto
30.43066 -27.77193 30.81216 -27.93 31.21 -27.93 curveto
31.60785 -27.93 31.98935 -27.77193 32.27065 -27.49063 curveto
32.55194 -27.20934 32.71 -26.82784 32.71 -26.43 curveto closepath stroke
-1 THsetalpha
 0 0 0.10417 0.04 setcmykcolor
newpath 24.22 -31.38 moveto
24.22 -30.98216 24.06194 -30.60066 23.78064 -30.31937 curveto
23.49934 -30.03807 23.11784 -29.88 22.72 -29.88 curveto
22.32216 -29.88 21.94066 -30.03807 21.65936 -30.31937 curveto
21.37807 -30.60066 21.22 -30.98216 21.22 -31.38 curveto
21.22 -31.77785 21.37807 -32.15935 21.65936 -32.44064 curveto
21.94066 -32.72194 22.32216 -32.88 22.72 -32.88 curveto
23.11784 -32.88 23.49934 -32.72194 23.78064 -32.44064 curveto
24.06194 -32.15935 24.22 -31.77785 24.22 -31.38 curveto closepath fill
 0.1 0.88333 0 0.4 setcmykcolor
newpath 24.22 -31.38 moveto
24.22 -30.98216 24.06194 -30.60066 23.78064 -30.31937 curveto
23.49934 -30.03807 23.11784 -29.88 22.72 -29.88 curveto
22.32216 -29.88 21.94066 -30.03807 21.65936 -30.31937 curveto
21.37807 -30.60066 21.22 -30.98216 21.22 -31.38 curveto
21.22 -31.77785 21.37807 -32.15935 21.65936 -32.44064 curveto
21.94066 -32.72194 22.32216 -32.88 22.72 -32.88 curveto
23.11784 -32.88 23.49934 -32.72194 23.78064 -32.44064 curveto
24.06194 -32.15935 24.22 -31.77785 24.22 -31.38 curveto closepath stroke
-1 THsetalpha
 0 0 0.10417 0.04 setcmykcolor
newpath 127.76 -30.64 moveto
127.76 -30.24216 127.60193 -29.86066 127.32063 -29.57936 curveto
127.03934 -29.29807 126.65784 -29.14 126.26 -29.14 curveto
125.86215 -29.14 125.48065 -29.29807 125.19936 -29.57936 curveto
124.91806 -29.86066 124.76 -30.24216 124.76 -30.64 curveto
124.76 -31.03784 124.91806 -31.41934 125.19936 -31.70064 curveto
125.48065 -31.98193 125.86215 -32.14 126.26 -32.14 curveto
126.65784 -32.14 127.03934 -31.98193 127.32063 -31.70064 curveto
127.60193 -31.41934 127.76 -31.03784 127.76 -30.64 curveto closepath fill
 0.1 0.88333 0 0.4 setcmykcolor
newpath 127.76 -30.64 moveto
127.76 -30.24216 127.60193 -29.86066 127.32063 -29.57936 curveto
127.03934 -29.29807 126.65784 -29.14 126.26 -29.14 curveto
125.86215 -29.14 125.48065 -29.29807 125.19936 -29.57936 curveto
124.91806 -29.86066 124.76 -30.24216 124.76 -30.64 curveto
124.76 -31.03784 124.91806 -31.41934 125.19936 -31.70064 curveto
125.48065 -31.98193 125.86215 -32.14 126.26 -32.14 curveto
126.65784 -32.14 127.03934 -31.98193 127.32063 -31.70064 curveto
127.60193 -31.41934 127.76 -31.03784 127.76 -30.64 curveto closepath stroke
-1 THsetalpha
 0 0 0.10417 0.04 setcmykcolor
newpath -51.69 -50.52 moveto
-51.69 -50.12216 -51.84807 -49.74066 -52.12936 -49.45937 curveto
-52.41066 -49.17807 -52.79216 -49.02 -53.19 -49.02 curveto
-53.58784 -49.02 -53.96935 -49.17807 -54.25064 -49.45937 curveto
-54.53194 -49.74066 -54.69 -50.12216 -54.69 -50.52 curveto
-54.69 -50.91785 -54.53194 -51.29935 -54.25064 -51.58064 curveto
-53.96935 -51.86194 -53.58784 -52.02 -53.19 -52.02 curveto
-52.79216 -52.02 -52.41066 -51.86194 -52.12936 -51.58064 curveto
-51.84807 -51.29935 -51.69 -50.91785 -51.69 -50.52 curveto closepath fill
 0.1 0.88333 0 0.4 setcmykcolor
newpath -51.69 -50.52 moveto
-51.69 -50.12216 -51.84807 -49.74066 -52.12936 -49.45937 curveto
-52.41066 -49.17807 -52.79216 -49.02 -53.19 -49.02 curveto
-53.58784 -49.02 -53.96935 -49.17807 -54.25064 -49.45937 curveto
-54.53194 -49.74066 -54.69 -50.12216 -54.69 -50.52 curveto
-54.69 -50.91785 -54.53194 -51.29935 -54.25064 -51.58064 curveto
-53.96935 -51.86194 -53.58784 -52.02 -53.19 -52.02 curveto
-52.79216 -52.02 -52.41066 -51.86194 -52.12936 -51.58064 curveto
-51.84807 -51.29935 -51.69 -50.91785 -51.69 -50.52 curveto closepath stroke
-1 THsetalpha
 0 0 0.10417 0.04 setcmykcolor
newpath -119.77 -32.73 moveto
-119.77 -32.33215 -119.92807 -31.95065 -120.20937 -31.66936 curveto
-120.49066 -31.38806 -120.87216 -31.23 -121.27 -31.23 curveto
-121.66785 -31.23 -122.04935 -31.38806 -122.33064 -31.66936 curveto
-122.61194 -31.95065 -122.77 -32.33215 -122.77 -32.73 curveto
-122.77 -33.12784 -122.61194 -33.50934 -122.33064 -33.79063 curveto
-122.04935 -34.07193 -121.66785 -34.23 -121.27 -34.23 curveto
-120.87216 -34.23 -120.49066 -34.07193 -120.20937 -33.79063 curveto
-119.92807 -33.50934 -119.77 -33.12784 -119.77 -32.73 curveto closepath fill
 0.1 0.88333 0 0.4 setcmykcolor
newpath -119.77 -32.73 moveto
-119.77 -32.33215 -119.92807 -31.95065 -120.20937 -31.66936 curveto
-120.49066 -31.38806 -120.87216 -31.23 -121.27 -31.23 curveto
-121.66785 -31.23 -122.04935 -31.38806 -122.33064 -31.66936 curveto
-122.61194 -31.95065 -122.77 -32.33215 -122.77 -32.73 curveto
-122.77 -33.12784 -122.61194 -33.50934 -122.33064 -33.79063 curveto
-122.04935 -34.07193 -121.66785 -34.23 -121.27 -34.23 curveto
-120.87216 -34.23 -120.49066 -34.07193 -120.20937 -33.79063 curveto
-119.92807 -33.50934 -119.77 -33.12784 -119.77 -32.73 curveto closepath stroke
-1 THsetalpha
 0 0 0.10417 0.04 setcmykcolor
newpath -247.39 -26.39 moveto
-247.39 -25.99216 -247.54807 -25.61066 -247.82936 -25.32936 curveto
-248.11066 -25.04807 -248.49216 -24.89 -248.89 -24.89 curveto
-249.28784 -24.89 -249.66934 -25.04807 -249.95064 -25.32936 curveto
-250.23193 -25.61066 -250.39 -25.99216 -250.39 -26.39 curveto
-250.39 -26.78784 -250.23193 -27.16934 -249.95064 -27.45064 curveto
-249.66934 -27.73193 -249.28784 -27.89 -248.89 -27.89 curveto
-248.49216 -27.89 -248.11066 -27.73193 -247.82936 -27.45064 curveto
-247.54807 -27.16934 -247.39 -26.78784 -247.39 -26.39 curveto closepath fill
 0.1 0.88333 0 0.4 setcmykcolor
newpath -247.39 -26.39 moveto
-247.39 -25.99216 -247.54807 -25.61066 -247.82936 -25.32936 curveto
-248.11066 -25.04807 -248.49216 -24.89 -248.89 -24.89 curveto
-249.28784 -24.89 -249.66934 -25.04807 -249.95064 -25.32936 curveto
-250.23193 -25.61066 -250.39 -25.99216 -250.39 -26.39 curveto
-250.39 -26.78784 -250.23193 -27.16934 -249.95064 -27.45064 curveto
-249.66934 -27.73193 -249.28784 -27.89 -248.89 -27.89 curveto
-248.49216 -27.89 -248.11066 -27.73193 -247.82936 -27.45064 curveto
-247.54807 -27.16934 -247.39 -26.78784 -247.39 -26.39 curveto closepath stroke
-1 THsetalpha
 0 0 0.10417 0.04 setcmykcolor
newpath 216.66 -70.66 moveto
216.66 -70.26216 216.50194 -69.88066 216.22064 -69.59937 curveto
215.93935 -69.31807 215.55785 -69.16 215.16 -69.16 curveto
214.76216 -69.16 214.38066 -69.31807 214.09937 -69.59937 curveto
213.81807 -69.88066 213.66 -70.26216 213.66 -70.66 curveto
213.66 -71.05785 213.81807 -71.43935 214.09937 -71.72064 curveto
214.38066 -72.00194 214.76216 -72.16 215.16 -72.16 curveto
215.55785 -72.16 215.93935 -72.00194 216.22064 -71.72064 curveto
216.50194 -71.43935 216.66 -71.05785 216.66 -70.66 curveto closepath fill
 0.1 0.88333 0 0.4 setcmykcolor
newpath 216.66 -70.66 moveto
216.66 -70.26216 216.50194 -69.88066 216.22064 -69.59937 curveto
215.93935 -69.31807 215.55785 -69.16 215.16 -69.16 curveto
214.76216 -69.16 214.38066 -69.31807 214.09937 -69.59937 curveto
213.81807 -69.88066 213.66 -70.26216 213.66 -70.66 curveto
213.66 -71.05785 213.81807 -71.43935 214.09937 -71.72064 curveto
214.38066 -72.00194 214.76216 -72.16 215.16 -72.16 curveto
215.55785 -72.16 215.93935 -72.00194 216.22064 -71.72064 curveto
216.50194 -71.43935 216.66 -71.05785 216.66 -70.66 curveto closepath stroke
-1 THsetalpha
 0 0 0.10417 0.04 setcmykcolor
newpath 240.52 -34.54 moveto
240.52 -34.14215 240.36194 -33.76065 240.08064 -33.47935 curveto
239.79935 -33.19806 239.41785 -33.04 239.02 -33.04 curveto
238.62216 -33.04 238.24066 -33.19806 237.95937 -33.47935 curveto
237.67807 -33.76065 237.52 -34.14215 237.52 -34.54 curveto
237.52 -34.93784 237.67807 -35.31934 237.95937 -35.60063 curveto
238.24066 -35.88193 238.62216 -36.04 239.02 -36.04 curveto
239.41785 -36.04 239.79935 -35.88193 240.08064 -35.60063 curveto
240.36194 -35.31934 240.52 -34.93784 240.52 -34.54 curveto closepath fill
 0.1 0.88333 0 0.4 setcmykcolor
newpath 240.52 -34.54 moveto
240.52 -34.14215 240.36194 -33.76065 240.08064 -33.47935 curveto
239.79935 -33.19806 239.41785 -33.04 239.02 -33.04 curveto
238.62216 -33.04 238.24066 -33.19806 237.95937 -33.47935 curveto
237.67807 -33.76065 237.52 -34.14215 237.52 -34.54 curveto
237.52 -34.93784 237.67807 -35.31934 237.95937 -35.60063 curveto
238.24066 -35.88193 238.62216 -36.04 239.02 -36.04 curveto
239.41785 -36.04 239.79935 -35.88193 240.08064 -35.60063 curveto
240.36194 -35.31934 240.52 -34.93784 240.52 -34.54 curveto closepath stroke
-1 THsetalpha
 0 0 0.10417 0.04 setcmykcolor
newpath 293.8 -13.38 moveto
293.8 -12.98216 293.64194 -12.60066 293.36064 -12.31937 curveto
293.07935 -12.03807 292.69785 -11.88 292.3 -11.88 curveto
291.90216 -11.88 291.52066 -12.03807 291.23936 -12.31937 curveto
290.95807 -12.60066 290.8 -12.98216 290.8 -13.38 curveto
290.8 -13.77785 290.95807 -14.15935 291.23936 -14.44064 curveto
291.52066 -14.72194 291.90216 -14.88 292.3 -14.88 curveto
292.69785 -14.88 293.07935 -14.72194 293.36064 -14.44064 curveto
293.64194 -14.15935 293.8 -13.77785 293.8 -13.38 curveto closepath fill
 0.1 0.88333 0 0.4 setcmykcolor
newpath 293.8 -13.38 moveto
293.8 -12.98216 293.64194 -12.60066 293.36064 -12.31937 curveto
293.07935 -12.03807 292.69785 -11.88 292.3 -11.88 curveto
291.90216 -11.88 291.52066 -12.03807 291.23936 -12.31937 curveto
290.95807 -12.60066 290.8 -12.98216 290.8 -13.38 curveto
290.8 -13.77785 290.95807 -14.15935 291.23936 -14.44064 curveto
291.52066 -14.72194 291.90216 -14.88 292.3 -14.88 curveto
292.69785 -14.88 293.07935 -14.72194 293.36064 -14.44064 curveto
293.64194 -14.15935 293.8 -13.77785 293.8 -13.38 curveto closepath stroke
-1 THsetalpha
 0 0 0.10417 0.04 setcmykcolor
newpath 314.75 21.98 moveto
314.75 22.37784 314.59193 22.75934 314.31064 23.04063 curveto
314.02934 23.32193 313.64784 23.48 313.25 23.48 curveto
312.85216 23.48 312.47066 23.32193 312.18936 23.04063 curveto
311.90807 22.75934 311.75 22.37784 311.75 21.98 curveto
311.75 21.58215 311.90807 21.20065 312.18936 20.91936 curveto
312.47066 20.63806 312.85216 20.48 313.25 20.48 curveto
313.64784 20.48 314.02934 20.63806 314.31064 20.91936 curveto
314.59193 21.20065 314.75 21.58215 314.75 21.98 curveto closepath fill
 0.1 0.88333 0 0.4 setcmykcolor
newpath 314.75 21.98 moveto
314.75 22.37784 314.59193 22.75934 314.31064 23.04063 curveto
314.02934 23.32193 313.64784 23.48 313.25 23.48 curveto
312.85216 23.48 312.47066 23.32193 312.18936 23.04063 curveto
311.90807 22.75934 311.75 22.37784 311.75 21.98 curveto
311.75 21.58215 311.90807 21.20065 312.18936 20.91936 curveto
312.47066 20.63806 312.85216 20.48 313.25 20.48 curveto
313.64784 20.48 314.02934 20.63806 314.31064 20.91936 curveto
314.59193 21.20065 314.75 21.58215 314.75 21.98 curveto closepath stroke
-1 THsetalpha
 0 0 0.10417 0.04 setcmykcolor
newpath 434.68 -13.42 moveto
434.68 -13.02216 434.52193 -12.64066 434.24063 -12.35936 curveto
433.95934 -12.07806 433.57784 -11.92 433.18 -11.92 curveto
432.78215 -11.92 432.40065 -12.07806 432.11935 -12.35936 curveto
431.83806 -12.64066 431.68 -13.02216 431.68 -13.42 curveto
431.68 -13.81784 431.83806 -14.19934 432.11935 -14.48064 curveto
432.40065 -14.76193 432.78215 -14.92 433.18 -14.92 curveto
433.57784 -14.92 433.95934 -14.76193 434.24063 -14.48064 curveto
434.52193 -14.19934 434.68 -13.81784 434.68 -13.42 curveto closepath fill
 0.1 0.88333 0 0.4 setcmykcolor
newpath 434.68 -13.42 moveto
434.68 -13.02216 434.52193 -12.64066 434.24063 -12.35936 curveto
433.95934 -12.07806 433.57784 -11.92 433.18 -11.92 curveto
432.78215 -11.92 432.40065 -12.07806 432.11935 -12.35936 curveto
431.83806 -12.64066 431.68 -13.02216 431.68 -13.42 curveto
431.68 -13.81784 431.83806 -14.19934 432.11935 -14.48064 curveto
432.40065 -14.76193 432.78215 -14.92 433.18 -14.92 curveto
433.57784 -14.92 433.95934 -14.76193 434.24063 -14.48064 curveto
434.52193 -14.19934 434.68 -13.81784 434.68 -13.42 curveto closepath stroke
-1 THsetalpha
 0 0 0.10417 0.04 setcmykcolor
newpath 293.62 45.23 moveto
293.62 45.62784 293.46193 46.00934 293.18063 46.29063 curveto
292.89934 46.57193 292.51784 46.73 292.12 46.73 curveto
291.72215 46.73 291.34065 46.57193 291.05936 46.29063 curveto
290.77806 46.00934 290.62 45.62784 290.62 45.23 curveto
290.62 44.83215 290.77806 44.45065 291.05936 44.16936 curveto
291.34065 43.88806 291.72215 43.73 292.12 43.73 curveto
292.51784 43.73 292.89934 43.88806 293.18063 44.16936 curveto
293.46193 44.45065 293.62 44.83215 293.62 45.23 curveto closepath fill
 0.1 0.88333 0 0.4 setcmykcolor
newpath 293.62 45.23 moveto
293.62 45.62784 293.46193 46.00934 293.18063 46.29063 curveto
292.89934 46.57193 292.51784 46.73 292.12 46.73 curveto
291.72215 46.73 291.34065 46.57193 291.05936 46.29063 curveto
290.77806 46.00934 290.62 45.62784 290.62 45.23 curveto
290.62 44.83215 290.77806 44.45065 291.05936 44.16936 curveto
291.34065 43.88806 291.72215 43.73 292.12 43.73 curveto
292.51784 43.73 292.89934 43.88806 293.18063 44.16936 curveto
293.46193 44.45065 293.62 44.83215 293.62 45.23 curveto closepath stroke
-1 THsetalpha
 0 0 0.10417 0.04 setcmykcolor
newpath 117.6 47.52 moveto
117.6 47.91785 117.44194 48.29935 117.16064 48.58064 curveto
116.87935 48.86194 116.49785 49.02 116.1 49.02 curveto
115.70216 49.02 115.32066 48.86194 115.03937 48.58064 curveto
114.75807 48.29935 114.6 47.91785 114.6 47.52 curveto
114.6 47.12216 114.75807 46.74066 115.03937 46.45937 curveto
115.32066 46.17807 115.70216 46.02 116.1 46.02 curveto
116.49785 46.02 116.87935 46.17807 117.16064 46.45937 curveto
117.44194 46.74066 117.6 47.12216 117.6 47.52 curveto closepath fill
 0.1 0.88333 0 0.4 setcmykcolor
newpath 117.6 47.52 moveto
117.6 47.91785 117.44194 48.29935 117.16064 48.58064 curveto
116.87935 48.86194 116.49785 49.02 116.1 49.02 curveto
115.70216 49.02 115.32066 48.86194 115.03937 48.58064 curveto
114.75807 48.29935 114.6 47.91785 114.6 47.52 curveto
114.6 47.12216 114.75807 46.74066 115.03937 46.45937 curveto
115.32066 46.17807 115.70216 46.02 116.1 46.02 curveto
116.49785 46.02 116.87935 46.17807 117.16064 46.45937 curveto
117.44194 46.74066 117.6 47.12216 117.6 47.52 curveto closepath stroke
-1 THsetalpha
 0 0 0.10417 0.04 setcmykcolor
newpath 83.35 58.41 moveto
83.35 58.80785 83.19194 59.18935 82.91064 59.47064 curveto
82.62935 59.75194 82.24785 59.91 81.85 59.91 curveto
81.45216 59.91 81.07066 59.75194 80.78937 59.47064 curveto
80.50807 59.18935 80.35 58.80785 80.35 58.41 curveto
80.35 58.01216 80.50807 57.63066 80.78937 57.34937 curveto
81.07066 57.06807 81.45216 56.91 81.85 56.91 curveto
82.24785 56.91 82.62935 57.06807 82.91064 57.34937 curveto
83.19194 57.63066 83.35 58.01216 83.35 58.41 curveto closepath fill
 0.1 0.88333 0 0.4 setcmykcolor
newpath 83.35 58.41 moveto
83.35 58.80785 83.19194 59.18935 82.91064 59.47064 curveto
82.62935 59.75194 82.24785 59.91 81.85 59.91 curveto
81.45216 59.91 81.07066 59.75194 80.78937 59.47064 curveto
80.50807 59.18935 80.35 58.80785 80.35 58.41 curveto
80.35 58.01216 80.50807 57.63066 80.78937 57.34937 curveto
81.07066 57.06807 81.45216 56.91 81.85 56.91 curveto
82.24785 56.91 82.62935 57.06807 82.91064 57.34937 curveto
83.19194 57.63066 83.35 58.01216 83.35 58.41 curveto closepath stroke
-1 THsetalpha
 0 0 0.10417 0.04 setcmykcolor
newpath -38.9 74.6 moveto
-38.9 74.99785 -39.05806 75.37935 -39.33936 75.66064 curveto
-39.62065 75.94194 -40.00215 76.1 -40.4 76.1 curveto
-40.79784 76.1 -41.17934 75.94194 -41.46063 75.66064 curveto
-41.74193 75.37935 -41.9 74.99785 -41.9 74.6 curveto
-41.9 74.20216 -41.74193 73.82066 -41.46063 73.53937 curveto
-41.17934 73.25807 -40.79784 73.1 -40.4 73.1 curveto
-40.00215 73.1 -39.62065 73.25807 -39.33936 73.53937 curveto
-39.05806 73.82066 -38.9 74.20216 -38.9 74.6 curveto closepath fill
 0.1 0.88333 0 0.4 setcmykcolor
newpath -38.9 74.6 moveto
-38.9 74.99785 -39.05806 75.37935 -39.33936 75.66064 curveto
-39.62065 75.94194 -40.00215 76.1 -40.4 76.1 curveto
-40.79784 76.1 -41.17934 75.94194 -41.46063 75.66064 curveto
-41.74193 75.37935 -41.9 74.99785 -41.9 74.6 curveto
-41.9 74.20216 -41.74193 73.82066 -41.46063 73.53937 curveto
-41.17934 73.25807 -40.79784 73.1 -40.4 73.1 curveto
-40.00215 73.1 -39.62065 73.25807 -39.33936 73.53937 curveto
-39.05806 73.82066 -38.9 74.20216 -38.9 74.6 curveto closepath stroke
-1 THsetalpha
 0 0 0.10417 0.04 setcmykcolor
newpath -182.14 80.72 moveto
-182.14 81.11784 -182.29807 81.49934 -182.57936 81.78064 curveto
-182.86066 82.06194 -183.24216 82.22 -183.64 82.22 curveto
-184.03784 82.22 -184.41934 82.06194 -184.70064 81.78064 curveto
-184.98193 81.49934 -185.14 81.11784 -185.14 80.72 curveto
-185.14 80.32216 -184.98193 79.94066 -184.70064 79.65936 curveto
-184.41934 79.37807 -184.03784 79.22 -183.64 79.22 curveto
-183.24216 79.22 -182.86066 79.37807 -182.57936 79.65936 curveto
-182.29807 79.94066 -182.14 80.32216 -182.14 80.72 curveto closepath fill
 0.1 0.88333 0 0.4 setcmykcolor
newpath -182.14 80.72 moveto
-182.14 81.11784 -182.29807 81.49934 -182.57936 81.78064 curveto
-182.86066 82.06194 -183.24216 82.22 -183.64 82.22 curveto
-184.03784 82.22 -184.41934 82.06194 -184.70064 81.78064 curveto
-184.98193 81.49934 -185.14 81.11784 -185.14 80.72 curveto
-185.14 80.32216 -184.98193 79.94066 -184.70064 79.65936 curveto
-184.41934 79.37807 -184.03784 79.22 -183.64 79.22 curveto
-183.24216 79.22 -182.86066 79.37807 -182.57936 79.65936 curveto
-182.29807 79.94066 -182.14 80.32216 -182.14 80.72 curveto closepath stroke
-1 THsetalpha
 0 0 0.10417 0.04 setcmykcolor
newpath -363.13 90.03 moveto
-363.13 90.42784 -363.28807 90.80934 -363.56937 91.09064 curveto
-363.85066 91.37193 -364.23216 91.53 -364.63 91.53 curveto
-365.02785 91.53 -365.40935 91.37193 -365.69064 91.09064 curveto
-365.97194 90.80934 -366.13 90.42784 -366.13 90.03 curveto
-366.13 89.63216 -365.97194 89.25066 -365.69064 88.96936 curveto
-365.40935 88.68806 -365.02785 88.53 -364.63 88.53 curveto
-364.23216 88.53 -363.85066 88.68806 -363.56937 88.96936 curveto
-363.28807 89.25066 -363.13 89.63216 -363.13 90.03 curveto closepath fill
 0.1 0.88333 0 0.4 setcmykcolor
newpath -363.13 90.03 moveto
-363.13 90.42784 -363.28807 90.80934 -363.56937 91.09064 curveto
-363.85066 91.37193 -364.23216 91.53 -364.63 91.53 curveto
-365.02785 91.53 -365.40935 91.37193 -365.69064 91.09064 curveto
-365.97194 90.80934 -366.13 90.42784 -366.13 90.03 curveto
-366.13 89.63216 -365.97194 89.25066 -365.69064 88.96936 curveto
-365.40935 88.68806 -365.02785 88.53 -364.63 88.53 curveto
-364.23216 88.53 -363.85066 88.68806 -363.56937 88.96936 curveto
-363.28807 89.25066 -363.13 89.63216 -363.13 90.03 curveto closepath stroke
-1 THsetalpha
 0 0 0.10417 0.04 setcmykcolor
newpath 95.74 -49.24 moveto
95.74 -48.84216 95.58194 -48.46066 95.30064 -48.17937 curveto
95.01935 -47.89807 94.63785 -47.74 94.24 -47.74 curveto
93.84216 -47.74 93.46066 -47.89807 93.17937 -48.17937 curveto
92.89807 -48.46066 92.74 -48.84216 92.74 -49.24 curveto
92.74 -49.63785 92.89807 -50.01935 93.17937 -50.30064 curveto
93.46066 -50.58194 93.84216 -50.74 94.24 -50.74 curveto
94.63785 -50.74 95.01935 -50.58194 95.30064 -50.30064 curveto
95.58194 -50.01935 95.74 -49.63785 95.74 -49.24 curveto closepath fill
 0.1 0.88333 0 0.4 setcmykcolor
newpath 95.74 -49.24 moveto
95.74 -48.84216 95.58194 -48.46066 95.30064 -48.17937 curveto
95.01935 -47.89807 94.63785 -47.74 94.24 -47.74 curveto
93.84216 -47.74 93.46066 -47.89807 93.17937 -48.17937 curveto
92.89807 -48.46066 92.74 -48.84216 92.74 -49.24 curveto
92.74 -49.63785 92.89807 -50.01935 93.17937 -50.30064 curveto
93.46066 -50.58194 93.84216 -50.74 94.24 -50.74 curveto
94.63785 -50.74 95.01935 -50.58194 95.30064 -50.30064 curveto
95.58194 -50.01935 95.74 -49.63785 95.74 -49.24 curveto closepath stroke
-1 THsetalpha
 0 0 0.10417 0.04 setcmykcolor
newpath 112.77 -90.57 moveto
112.77 -90.17216 112.61194 -89.79066 112.33064 -89.50937 curveto
112.04935 -89.22807 111.66785 -89.07 111.27 -89.07 curveto
110.87216 -89.07 110.49066 -89.22807 110.20937 -89.50937 curveto
109.92807 -89.79066 109.77 -90.17216 109.77 -90.57 curveto
109.77 -90.96785 109.92807 -91.34935 110.20937 -91.63065 curveto
110.49066 -91.91194 110.87216 -92.07 111.27 -92.07 curveto
111.66785 -92.07 112.04935 -91.91194 112.33064 -91.63065 curveto
112.61194 -91.34935 112.77 -90.96785 112.77 -90.57 curveto closepath fill
 0.1 0.88333 0 0.4 setcmykcolor
newpath 112.77 -90.57 moveto
112.77 -90.17216 112.61194 -89.79066 112.33064 -89.50937 curveto
112.04935 -89.22807 111.66785 -89.07 111.27 -89.07 curveto
110.87216 -89.07 110.49066 -89.22807 110.20937 -89.50937 curveto
109.92807 -89.79066 109.77 -90.17216 109.77 -90.57 curveto
109.77 -90.96785 109.92807 -91.34935 110.20937 -91.63065 curveto
110.49066 -91.91194 110.87216 -92.07 111.27 -92.07 curveto
111.66785 -92.07 112.04935 -91.91194 112.33064 -91.63065 curveto
112.61194 -91.34935 112.77 -90.96785 112.77 -90.57 curveto closepath stroke
-1 THsetalpha
 0 0 0.10417 0.04 setcmykcolor
newpath 152.73 -72.51 moveto
152.73 -72.11215 152.57193 -71.73065 152.29063 -71.44936 curveto
152.00934 -71.16806 151.62784 -71.01 151.23 -71.01 curveto
150.83215 -71.01 150.45065 -71.16806 150.16936 -71.44936 curveto
149.88806 -71.73065 149.73 -72.11215 149.73 -72.51 curveto
149.73 -72.90784 149.88806 -73.28934 150.16936 -73.57063 curveto
150.45065 -73.85193 150.83215 -74.01 151.23 -74.01 curveto
151.62784 -74.01 152.00934 -73.85193 152.29063 -73.57063 curveto
152.57193 -73.28934 152.73 -72.90784 152.73 -72.51 curveto closepath fill
 0.1 0.88333 0 0.4 setcmykcolor
newpath 152.73 -72.51 moveto
152.73 -72.11215 152.57193 -71.73065 152.29063 -71.44936 curveto
152.00934 -71.16806 151.62784 -71.01 151.23 -71.01 curveto
150.83215 -71.01 150.45065 -71.16806 150.16936 -71.44936 curveto
149.88806 -71.73065 149.73 -72.11215 149.73 -72.51 curveto
149.73 -72.90784 149.88806 -73.28934 150.16936 -73.57063 curveto
150.45065 -73.85193 150.83215 -74.01 151.23 -74.01 curveto
151.62784 -74.01 152.00934 -73.85193 152.29063 -73.57063 curveto
152.57193 -73.28934 152.73 -72.90784 152.73 -72.51 curveto closepath stroke
showpage
%%EOF
